"""
generate_data.py
-----------------
Creates a synthetic but realistic dataset of basketball games between teams,
based on underlying team "skill" ratings. This stands in for real historical
data (e.g. from basketball-reference.com or an NBA API) so you can run the
whole pipeline offline. Swap this out for a real dataset once you have one.

Output: games.csv with columns:
    team_off_rtg, team_def_rtg, team_pace, team_home,
    opp_off_rtg, opp_def_rtg, opp_pace,
    team_win (1 if team won, 0 if not)
"""

import numpy as np
import pandas as pd

np.random.seed(42)

N_TEAMS = 20
N_GAMES = 2000

# Give each team a hidden "true skill" so outcomes aren't random noise
team_off_skill = np.random.normal(110, 6, N_TEAMS)   # offensive rating
team_def_skill = np.random.normal(110, 6, N_TEAMS)   # defensive rating (lower = better defense)
team_pace = np.random.normal(100, 4, N_TEAMS)        # possessions per game

rows = []
for _ in range(N_GAMES):
    team, opp = np.random.choice(N_TEAMS, size=2, replace=False)
    is_home = np.random.choice([0, 1])

    # simulate a scoring margin from skill gap + home-court advantage + noise
    off_edge = team_off_skill[team] - team_def_skill[opp]
    def_edge = team_def_skill[team] - team_off_skill[opp]
    home_adv = 2.5 if is_home else -2.5
    margin = (off_edge - def_edge) * 0.5 + home_adv + np.random.normal(0, 10)

    rows.append({
        "team_off_rtg": round(team_off_skill[team] + np.random.normal(0, 3), 1),
        "team_def_rtg": round(team_def_skill[team] + np.random.normal(0, 3), 1),
        "team_pace": round(team_pace[team] + np.random.normal(0, 2), 1),
        "team_home": is_home,
        "opp_off_rtg": round(team_off_skill[opp] + np.random.normal(0, 3), 1),
        "opp_def_rtg": round(team_def_skill[opp] + np.random.normal(0, 3), 1),
        "opp_pace": round(team_pace[opp] + np.random.normal(0, 2), 1),
        "team_win": int(margin > 0),
    })

df = pd.DataFrame(rows)
df.to_csv("games.csv", index=False)
print(f"Wrote {len(df)} rows to games.csv")
print(df.head())
"""
train_model.py
---------------
Trains a logistic regression model to predict whether "team" beats "opp"
based on pre-game team stats. Prints accuracy/log-loss and saves a feature
importance chart. This is a deliberately simple baseline -- the point of a
portfolio project isn't a fancy model, it's showing you can go from raw data
to a validated, explainable result.
"""

import pandas as pd
import numpy as np
from sklearn.model_selection import train_test_split
from sklearn.linear_model import LogisticRegression
from sklearn.metrics import accuracy_score, log_loss, roc_auc_score
import matplotlib.pyplot as plt

df = pd.read_csv("games.csv")

features = [
    "team_off_rtg", "team_def_rtg", "team_pace", "team_home",
    "opp_off_rtg", "opp_def_rtg", "opp_pace",
]
X = df[features]
y = df["team_win"]

X_train, X_test, y_train, y_test = train_test_split(
    X, y, test_size=0.2, random_state=42, stratify=y
)

model = LogisticRegression(max_iter=1000)
model.fit(X_train, y_train)

preds = model.predict(X_test)
probs = model.predict_proba(X_test)[:, 1]

acc = accuracy_score(y_test, preds)
ll = log_loss(y_test, probs)
auc = roc_auc_score(y_test, probs)

print(f"Accuracy: {acc:.3f}")
print(f"Log loss: {ll:.3f}")
print(f"ROC AUC:  {auc:.3f}")

# Baseline comparison: always predict the majority class
baseline_acc = max(y_test.mean(), 1 - y_test.mean())
print(f"Baseline (majority class) accuracy: {baseline_acc:.3f}")

# --- Feature importance plot ---
coefs = pd.Series(model.coef_[0], index=features).sort_values()

plt.figure(figsize=(8, 5))
colors = ["#d62728" if c < 0 else "#2ca02c" for c in coefs.values]
plt.barh(coefs.index, coefs.values, color=colors)
plt.axvline(0, color="black", linewidth=0.8)
plt.title("Feature Importance (Logistic Regression Coefficients)")
plt.xlabel("Coefficient (effect on win probability)")
plt.tight_layout()
plt.savefig("feature_importance.png", dpi=150)
print("Saved feature_importance.png")

# --- Save a few example predictions for the README ---
example = X_test.copy()
example["actual_win"] = y_test.values
example["predicted_win_prob"] = probs
example.head(10).to_csv("example_predictions.csv", index=False)
print("Saved example_predictions.csv")
team_off_rtg,team_def_rtg,team_pace,team_home,opp_off_rtg,opp_def_rtg,opp_pace,team_win
103.2,95.8,104.1,0,101.8,110.3,104.1,0
110.2,111.6,106.2,1,112.6,105.9,92.2,0
99.5,109.3,96.4,1,104.7,118.6,100.6,0
109.5,102.9,99.8,1,116.9,109.8,107.0,1
110.6,109.5,98.5,0,110.4,102.9,106.1,0
102.5,111.7,104.3,0,104.2,114.0,96.2,0
112.1,106.9,90.7,1,115.6,121.7,103.8,1
104.1,116.1,100.6,0,112.5,109.2,94.0,0
109.1,110.8,94.8,0,113.0,99.9,100.9,0
106.3,108.7,99.8,1,103.2,109.8,96.8,1
116.4,110.5,100.4,0,101.7,101.8,101.6,1
103.5,112.8,105.0,1,113.8,107.1,97.2,0
106.7,110.6,96.8,1,109.2,106.8,97.5,1
117.6,102.0,100.1,1,108.3,112.3,97.8,1
109.6,108.3,96.8,0,104.1,109.7,96.1,0
108.5,104.6,103.7,0,106.5,108.9,99.3,0
101.0,103.4,98.4,1,120.0,100.9,95.3,1
105.6,99.0,101.4,1,99.0,115.3,103.3,1
105.1,106.0,100.2,0,113.7,110.0,105.2,1
115.5,108.6,100.5,1,98.2,109.8,106.8,0
96.7,107.1,105.0,0,122.3,106.1,97.1,0
100.3,115.1,107.3,1,117.1,105.6,93.2,0
106.4,98.8,105.1,1,105.7,99.2,100.3,0
100.9,98.5,101.2,1,116.8,103.5,102.1,1
99.5,112.9,104.7,0,106.8,118.2,95.2,0
106.8,118.0,103.2,1,119.4,111.1,102.9,0
101.2,103.6,103.3,0,109.7,108.1,101.9,0
111.7,94.6,97.5,1,98.7,101.1,101.7,1
96.7,103.9,102.1,0,105.0,111.9,104.6,0
109.9,106.5,94.2,0,102.4,118.9,98.6,0
100.7,102.6,101.6,0,108.4,112.3,93.3,1
104.0,104.9,101.6,0,115.5,116.1,98.3,0
117.9,100.1,97.9,0,108.8,113.9,93.7,1
99.9,99.1,104.5,0,106.5,104.0,92.6,1
111.5,111.5,92.2,1,104.2,110.7,101.2,1
111.4,110.5,95.5,1,103.8,119.5,99.4,1
109.5,111.0,92.6,0,100.0,114.3,102.5,0
118.4,102.9,98.8,1,109.5,108.2,105.7,0
114.8,109.1,98.2,1,102.4,112.2,105.5,0
117.1,111.9,105.7,1,111.7,106.0,102.4,0
124.3,100.7,98.0,0,97.6,101.7,103.8,1
113.7,107.1,93.2,1,117.5,95.6,98.2,1
116.8,107.0,96.1,0,92.3,99.8,105.1,0
109.3,109.2,102.5,0,99.4,110.5,95.3,0
115.7,109.1,93.0,1,107.9,109.2,101.1,0
126.6,102.9,95.4,0,107.7,115.6,104.8,0
110.5,118.6,98.7,0,108.0,104.5,94.7,0
107.9,102.2,100.0,1,97.1,102.3,100.5,0
113.1,97.6,98.8,1,115.4,114.3,103.0,1
114.5,117.0,102.5,0,105.2,113.2,107.9,0
109.9,106.9,98.7,0,115.3,110.6,101.7,1
120.5,102.2,99.2,0,118.4,115.8,89.6,1
118.7,108.1,90.1,1,113.4,116.8,104.6,0
119.5,99.6,101.2,0,114.5,97.6,98.8,1
102.4,115.1,102.8,1,109.3,122.3,100.3,1
106.1,115.0,99.6,1,113.0,96.6,98.6,1
121.8,95.9,97.0,0,104.5,114.7,100.5,1
108.2,105.5,98.0,1,103.8,110.8,98.8,1
98.8,109.2,102.8,0,119.1,106.5,92.6,0
108.4,108.1,100.5,1,119.4,105.3,98.3,0
115.8,112.7,100.9,1,108.5,114.9,97.0,0
107.2,114.8,97.9,0,103.2,107.6,101.4,1
108.5,106.5,103.2,1,119.8,100.0,95.6,1
115.3,98.2,100.2,1,118.8,114.1,98.4,0
110.8,108.5,98.8,1,98.9,108.2,105.8,0
111.4,104.7,92.4,0,104.1,100.6,103.6,0
117.1,99.3,100.6,1,113.0,114.1,98.2,1
112.9,108.1,104.1,0,119.2,107.5,100.6,1
105.5,105.6,104.8,1,106.0,104.9,101.7,0
114.5,92.9,101.4,1,110.7,105.8,91.7,1
107.9,104.8,102.0,1,108.7,108.1,99.2,0
106.7,95.3,105.5,0,92.8,119.4,106.3,0
117.1,116.4,105.3,1,113.0,114.9,100.8,1
117.4,102.9,97.0,0,111.7,117.7,101.5,0
113.2,106.9,95.9,1,114.9,110.5,91.8,0
114.6,118.9,102.9,1,100.2,113.4,101.4,0
112.3,100.0,99.8,1,94.2,110.9,100.9,1
109.3,110.6,95.9,1,112.8,112.4,96.3,0
108.4,104.4,93.3,1,108.9,98.0,100.4,1
105.8,120.1,98.9,1,103.4,107.2,98.5,0
114.2,106.4,93.5,0,111.8,99.9,97.9,1
106.6,118.6,97.3,1,115.0,113.3,93.7,0
113.3,114.4,103.5,1,119.1,109.2,100.0,0
111.8,112.4,105.4,0,102.1,106.7,103.6,1
108.5,99.6,107.4,0,110.8,108.1,100.9,1
110.2,111.5,95.9,0,100.5,113.0,96.9,0
111.8,107.0,95.5,1,108.3,120.5,96.8,0
102.0,112.3,102.0,0,112.3,97.5,100.6,0
114.1,109.4,99.5,1,108.3,106.5,100.4,0
119.9,109.2,102.8,1,114.1,114.6,99.7,0
104.5,101.8,99.9,0,113.2,121.4,101.0,0
104.9,111.0,99.1,1,111.1,111.1,99.8,1
107.2,107.2,101.3,0,112.6,112.9,98.3,1
119.0,107.0,98.0,1,100.5,119.6,100.4,1
105.2,122.5,96.4,0,113.9,110.5,103.6,0
108.1,101.4,93.2,1,117.9,113.0,104.1,1
115.1,96.6,100.4,1,105.7,107.5,100.9,1
115.2,110.3,96.2,0,103.5,113.2,95.8,0
111.2,109.5,95.4,1,118.4,102.0,98.0,1
108.9,105.3,93.7,1,108.1,98.9,98.3,1
112.6,101.1,94.3,0,108.7,110.7,101.1,1
110.4,98.7,102.0,0,111.9,107.8,98.9,0
114.9,105.5,100.7,0,112.6,113.0,99.7,0
122.3,100.4,97.3,1,104.0,105.4,101.6,1
105.5,106.3,94.9,1,97.5,103.0,102.2,1
119.1,102.6,97.9,1,109.4,101.6,99.6,1
102.7,108.0,97.3,1,115.2,108.7,107.4,0
103.3,118.3,97.2,0,102.3,120.8,106.4,0
112.1,97.2,102.7,0,104.6,104.0,101.8,0
113.0,111.9,98.4,1,104.8,101.4,101.0,1
120.5,104.7,99.8,1,103.3,112.3,107.0,1
107.8,106.8,100.1,1,110.1,113.3,99.3,1
117.3,100.1,96.6,1,106.5,109.4,96.3,1
117.2,107.7,97.1,1,111.6,101.1,104.3,1
106.6,101.7,104.0,0,111.1,108.1,95.8,0
114.1,98.6,99.7,1,122.2,101.9,96.9,1
108.5,110.4,99.3,0,114.1,105.7,92.4,0
114.3,109.4,104.5,1,116.5,106.1,99.2,1
121.8,103.0,97.6,1,104.6,103.7,99.0,1
113.8,94.6,102.3,1,119.4,112.2,103.5,1
111.3,112.5,100.8,1,104.9,105.0,104.1,0
108.5,110.0,102.7,0,108.4,109.7,97.4,1
106.8,109.7,99.5,0,114.8,112.5,94.8,1
112.7,110.0,96.0,1,106.0,107.4,100.9,1
109.9,108.6,101.1,0,105.0,98.3,110.7,1
108.6,107.8,96.3,0,100.6,104.0,103.6,0
113.6,116.2,100.9,0,107.3,110.9,94.4,0
108.1,112.7,100.5,0,119.2,96.3,99.0,1
112.8,104.7,95.9,1,116.6,115.9,102.0,1
101.9,106.8,100.7,0,114.1,107.8,101.0,1
107.4,100.9,100.4,0,110.4,109.6,93.6,0
119.9,100.4,101.9,0,108.6,117.5,101.0,1
103.4,113.2,101.2,1,108.2,102.8,100.6,1
112.0,107.8,94.0,1,119.0,107.3,100.5,1
98.7,106.7,102.6,1,113.6,106.1,97.7,0
115.4,115.3,104.6,0,106.1,107.8,102.1,0
121.0,104.8,98.0,0,110.6,120.1,99.6,0
117.3,111.5,95.4,1,100.5,106.8,103.5,0
111.3,108.5,99.9,0,102.2,106.7,100.6,0
119.1,105.3,96.5,1,98.9,102.5,105.2,1
104.1,121.5,98.8,0,105.1,107.4,99.4,0
107.6,96.2,104.3,0,109.2,109.1,93.0,0
103.4,120.5,97.8,1,121.2,111.7,96.8,0
112.9,101.0,96.7,0,108.9,107.9,97.6,0
108.5,110.8,98.8,0,120.2,103.2,100.9,1
113.8,115.1,105.2,1,101.7,111.8,102.8,1
112.6,120.5,102.5,0,101.9,102.4,101.7,0
97.8,115.1,101.7,0,107.5,112.6,94.2,1
122.1,109.3,101.0,1,106.1,99.4,104.9,1
105.1,122.9,99.0,1,113.0,109.2,100.3,0
96.9,113.5,105.1,1,116.4,102.4,98.1,1
104.6,120.2,107.7,0,111.8,104.2,91.8,0
109.5,113.5,99.6,1,108.3,102.2,103.7,1
111.9,123.7,99.3,0,115.3,110.5,100.7,0
107.4,103.7,105.3,0,108.5,105.4,101.0,1
108.0,108.4,96.8,0,99.9,100.6,100.8,0
101.1,100.9,102.0,1,115.6,117.7,99.1,1
115.7,99.9,100.1,1,98.4,102.6,99.2,1
104.1,114.5,96.7,0,109.8,106.5,94.3,1
117.0,105.6,89.2,0,121.6,101.9,95.5,1
106.5,100.7,102.3,1,104.3,104.7,104.5,1
108.7,132.9,94.3,1,113.8,109.8,97.7,0
109.7,104.5,95.6,0,121.5,108.6,97.8,1
123.1,108.2,96.0,0,120.8,104.1,95.8,1
105.3,103.7,103.8,1,108.4,112.8,96.2,1
115.2,97.9,100.4,1,116.6,101.9,100.1,1
94.1,117.3,100.9,1,97.9,110.5,104.1,0
106.6,105.5,100.9,0,99.0,103.0,101.2,0
108.0,101.4,103.4,0,98.9,102.7,99.4,0
100.2,114.3,104.2,0,101.0,102.7,101.9,0
107.4,111.6,102.3,0,111.5,96.1,99.3,1
113.4,109.6,101.8,0,115.0,105.9,99.3,0
97.7,110.4,102.1,1,105.7,105.6,100.9,0
94.2,117.2,103.9,1,115.1,107.8,102.1,0
106.5,112.8,102.1,0,123.3,100.6,100.7,1
98.8,106.0,101.5,1,113.4,112.0,104.2,1
115.9,112.3,98.4,0,93.7,113.1,105.5,0
111.1,107.0,103.4,0,109.6,108.4,99.9,0
113.4,121.9,92.6,1,105.2,109.1,108.4,0
108.0,105.7,94.3,1,107.1,109.9,102.6,1
102.3,109.0,98.1,1,98.4,113.5,106.6,0
110.7,116.1,97.0,1,112.5,101.3,96.3,1
116.1,124.5,103.4,1,114.2,110.9,101.9,0
103.3,110.8,99.2,0,114.1,112.9,91.6,1
106.6,112.9,97.5,0,103.0,104.6,100.8,0
104.2,125.4,100.1,0,107.5,111.8,94.7,0
108.9,101.6,103.4,1,113.6,116.1,99.9,1
110.2,123.4,99.4,0,103.4,116.4,97.1,0
111.2,121.1,97.0,1,100.6,114.8,102.5,0
107.5,119.9,96.5,1,109.3,106.0,100.5,1
96.6,110.8,102.1,1,106.3,99.0,99.4,0
108.6,105.4,98.2,0,104.2,115.3,102.9,0
121.7,102.2,98.1,1,115.6,109.2,98.9,1
113.2,108.5,104.0,1,111.3,110.0,107.1,0
111.0,107.2,102.3,0,102.3,121.5,99.1,1
105.5,111.4,96.6,1,105.5,102.9,95.1,1
112.9,108.9,98.8,0,104.3,106.9,102.2,1
109.9,118.2,99.4,0,98.2,114.4,102.1,0
110.3,101.0,106.8,1,119.3,97.2,98.5,1
116.8,102.9,99.9,0,119.3,120.5,97.9,0
107.4,105.2,96.6,0,105.7,110.8,102.7,0
111.3,106.8,103.1,1,113.4,101.4,99.9,1
115.4,105.2,97.7,0,104.6,100.3,102.3,1
99.7,110.6,102.7,1,101.3,106.5,105.3,0
106.4,105.9,93.2,0,110.2,119.4,97.7,0
109.6,100.8,103.5,1,102.5,114.8,105.5,1
108.9,105.3,99.9,0,99.1,107.3,103.7,1
110.4,110.7,99.5,0,102.0,101.6,101.9,0
112.9,111.2,96.4,0,109.0,105.0,98.3,0
112.5,109.9,98.8,1,103.1,104.3,102.4,1
100.2,109.1,100.0,0,108.9,112.9,94.6,1
94.3,102.1,101.4,0,107.0,108.1,95.1,0
105.0,103.6,102.0,0,102.1,115.1,105.1,0
110.2,110.9,97.8,1,110.1,110.8,93.2,0
108.6,107.4,100.0,0,107.8,111.3,101.4,1
114.3,108.8,94.5,0,109.2,122.7,100.3,0
112.0,107.2,92.9,0,106.8,106.5,96.0,0
110.6,106.0,98.1,1,112.2,113.5,97.6,1
105.4,105.9,95.3,0,107.1,104.0,102.2,0
103.0,107.0,103.3,1,104.7,116.6,98.3,1
103.6,103.4,100.7,0,115.8,111.7,99.5,0
108.9,120.0,105.7,1,103.9,108.8,100.3,1
114.2,96.4,99.5,0,120.4,97.4,102.2,1
116.6,103.0,101.9,1,97.7,112.9,95.5,1
99.9,113.0,103.4,1,114.0,109.6,99.3,0
104.3,101.1,97.0,1,104.8,123.1,98.6,1
115.5,121.6,94.8,1,120.8,105.7,96.3,1
105.6,102.7,101.8,1,124.2,102.7,100.4,1
109.0,114.0,93.7,0,110.3,106.8,98.6,0
116.5,110.6,101.8,1,112.1,105.0,95.8,0
114.5,98.1,99.2,1,103.0,115.3,96.2,1
106.8,111.9,97.3,1,103.9,103.7,104.9,1
111.9,99.7,93.1,0,111.0,108.1,88.6,0
112.7,106.2,89.0,1,107.1,110.5,95.8,1
108.7,111.2,97.8,0,116.1,99.2,100.6,1
110.9,108.7,92.5,1,96.1,109.8,104.3,0
120.8,107.0,97.8,1,105.5,96.6,96.5,1
111.1,104.6,100.5,1,116.1,100.5,94.3,1
99.1,108.5,103.7,0,101.7,110.5,92.1,1
98.7,113.6,104.9,0,111.2,119.0,106.1,0
105.9,101.9,100.9,0,102.1,99.1,100.3,1
106.5,112.7,99.7,1,106.5,110.6,96.6,1
109.0,104.4,102.1,0,110.0,96.6,104.9,1
102.7,105.8,95.6,0,104.0,98.2,105.6,0
111.2,109.6,99.1,0,97.5,111.5,106.6,0
104.9,112.3,102.7,1,109.6,108.0,99.0,0
109.8,97.7,104.3,1,109.5,108.8,98.6,1
118.4,96.4,100.9,1,96.4,118.7,106.0,1
108.5,107.6,95.3,1,105.7,105.2,97.0,1
115.5,103.8,100.4,0,112.7,106.9,98.4,1
105.3,113.9,93.9,1,102.1,110.9,104.1,1
102.9,108.5,106.8,0,110.8,107.1,97.0,0
106.4,106.6,95.1,0,104.4,112.4,94.8,0
98.7,112.2,102.7,1,107.1,109.9,95.1,0
107.6,100.8,97.9,0,104.5,121.6,99.8,0
98.5,112.3,102.8,1,106.5,98.8,104.8,0
117.8,110.6,99.3,1,102.2,103.0,102.4,1
108.6,113.0,96.7,0,103.2,118.0,106.0,0
114.0,110.9,96.9,1,114.1,115.7,103.1,1
100.3,102.4,103.0,1,115.5,115.3,102.1,0
107.7,114.7,100.2,0,106.8,110.0,103.4,0
109.4,112.0,96.6,1,103.7,107.0,102.2,1
105.9,107.3,96.9,0,97.2,103.7,99.7,0
101.0,110.6,104.9,1,115.7,98.6,97.8,0
102.9,100.6,102.9,1,107.6,117.6,102.2,1
113.1,113.0,98.0,0,105.2,100.7,101.6,1
120.4,106.3,98.2,1,119.9,99.8,96.4,1
107.8,109.2,99.3,1,110.7,117.4,105.4,0
104.1,109.4,106.1,1,96.8,106.9,102.6,1
113.9,95.2,98.0,0,109.2,105.7,100.3,0
108.6,106.7,102.1,1,121.1,106.0,99.1,1
112.8,110.8,99.6,0,104.1,112.5,103.2,0
113.7,113.1,105.0,1,113.1,115.0,107.6,0
113.1,110.9,97.1,1,110.9,119.7,100.2,0
119.5,98.9,97.0,0,99.0,113.8,104.2,0
127.6,105.6,95.8,1,101.4,101.3,106.1,1
114.1,119.1,101.2,1,109.2,105.1,101.4,1
111.5,113.6,99.3,1,108.8,120.6,102.5,1
119.4,104.6,97.1,1,107.0,107.6,94.8,0
101.8,105.4,99.2,1,105.5,100.9,102.6,1
106.9,106.3,104.0,0,117.4,104.7,97.8,1
106.9,114.4,93.3,0,108.4,106.2,99.9,0
107.3,100.6,101.4,0,111.1,93.4,100.6,1
110.1,110.9,97.7,0,113.5,106.2,100.7,1
100.2,112.8,107.1,1,114.5,116.8,105.4,0
107.9,117.1,101.9,1,100.0,122.5,104.1,0
107.0,110.6,100.1,0,123.2,105.3,99.6,1
105.9,102.5,105.1,1,109.8,97.4,98.7,1
105.9,105.1,100.2,0,101.5,113.1,103.3,0
113.9,119.0,99.1,0,114.0,99.5,98.8,1
106.1,111.5,104.3,0,124.5,100.3,99.1,1
108.0,119.2,96.9,1,105.9,107.6,95.8,0
108.6,106.7,101.9,0,109.2,108.3,97.4,0
118.7,109.8,90.8,1,103.8,103.0,105.5,1
113.9,108.3,95.9,0,104.0,105.2,92.5,0
109.9,101.0,101.1,1,103.7,115.1,109.1,0
103.5,114.3,105.1,1,119.5,113.5,101.8,0
109.5,118.2,99.0,0,99.3,101.2,102.1,1
107.2,106.3,100.9,1,114.6,105.4,91.2,1
116.3,112.3,96.3,1,100.3,111.0,105.6,1
105.8,104.4,97.9,1,113.2,107.2,103.9,1
111.3,110.3,97.4,1,104.4,105.8,98.3,1
112.2,104.0,103.8,1,96.9,105.3,103.8,1
115.1,94.9,97.4,1,99.0,104.0,102.7,0
105.3,105.3,92.7,0,124.0,99.9,96.3,0
107.0,110.1,101.6,0,104.9,107.4,102.3,0
98.9,115.6,105.3,0,105.6,109.2,104.6,0
110.8,109.8,99.5,0,121.5,106.4,96.7,1
111.7,110.8,98.3,0,110.2,106.4,91.3,1
112.2,104.4,97.0,0,110.6,101.7,99.7,1
103.5,107.9,107.1,0,123.8,100.1,95.0,0
108.2,111.2,102.2,1,123.0,99.7,98.8,1
100.0,113.1,105.1,1,106.2,99.4,102.7,1
110.5,110.0,98.6,0,117.4,102.0,100.8,1
98.7,112.5,96.1,0,107.0,104.1,103.3,1
109.9,99.3,98.7,1,103.2,104.9,105.2,1
108.3,104.2,103.1,0,109.0,107.6,92.5,0
118.9,103.3,97.9,0,104.9,108.6,102.3,1
113.5,102.2,97.6,1,104.9,110.7,97.2,0
107.0,100.8,104.4,0,100.4,113.1,103.7,0
119.6,105.0,97.3,0,119.9,112.7,94.5,1
114.9,109.1,105.9,1,107.8,103.9,102.9,0
96.7,107.1,94.4,1,111.8,110.9,97.2,0
110.6,110.9,98.2,1,113.8,103.6,99.1,1
113.6,109.4,104.8,1,111.0,105.6,95.2,1
116.7,95.7,104.4,1,102.0,107.7,97.3,0
124.9,106.6,98.4,0,100.3,120.0,103.9,0
108.1,97.4,98.8,0,99.3,100.3,104.8,0
109.2,106.1,94.2,0,101.6,111.6,101.2,0
124.6,103.7,96.2,1,100.6,102.8,99.9,1
100.4,104.7,101.8,0,107.0,102.4,107.6,1
110.5,111.7,97.5,1,122.7,103.2,100.3,1
113.9,111.0,98.1,0,106.3,103.0,100.4,0
115.4,109.4,96.9,1,105.3,101.9,98.2,0
121.3,100.4,98.4,1,103.0,110.0,99.1,1
108.8,109.0,101.1,1,106.4,100.7,105.4,1
98.5,111.4,104.4,1,110.0,105.0,101.6,0
118.0,106.6,99.7,0,110.6,105.5,91.9,1
112.7,104.7,93.4,1,109.6,114.5,102.3,1
101.4,109.9,102.5,0,98.2,109.1,95.6,0
110.4,110.2,96.5,0,111.9,102.8,96.1,1
115.6,112.5,95.3,0,113.8,112.7,101.2,0
108.6,106.7,102.0,0,103.3,115.3,103.9,0
116.7,111.9,107.5,0,114.8,108.5,101.8,0
96.5,123.1,105.7,0,108.0,106.7,103.7,0
115.3,98.0,99.7,1,118.5,103.7,97.2,1
106.3,113.2,104.2,0,111.7,117.7,103.8,0
101.9,98.3,105.4,1,112.2,111.2,95.9,1
109.1,99.0,99.7,0,117.0,109.6,105.0,0
106.3,105.3,100.2,1,109.7,125.7,106.7,0
97.9,110.4,106.6,1,112.2,106.6,93.9,0
114.1,104.7,96.8,0,113.1,105.9,92.1,1
105.8,106.2,100.3,0,97.6,101.2,102.6,0
114.7,111.7,96.6,0,107.4,100.4,103.0,0
106.5,104.0,99.3,0,108.2,104.3,102.0,0
109.6,110.8,97.5,1,110.9,110.6,92.7,1
103.6,117.7,103.0,1,106.2,108.8,91.0,0
106.0,97.4,102.7,0,113.8,107.8,92.8,1
100.2,102.1,101.7,0,108.1,109.2,98.2,0
106.1,106.0,104.4,1,108.8,113.4,97.3,0
109.7,104.5,96.7,0,108.9,113.3,98.0,0
119.1,109.2,103.9,1,106.7,110.8,98.2,1
107.0,107.3,100.1,0,112.5,108.6,101.4,0
109.4,117.5,97.8,1,106.3,104.4,99.0,0
122.1,99.4,99.0,1,112.7,106.6,99.2,1
114.8,108.4,98.5,1,102.5,99.0,100.4,1
106.6,108.0,106.7,1,105.8,103.0,106.3,0
103.6,110.2,102.0,0,117.1,110.0,98.0,0
119.2,100.1,99.2,0,108.9,119.1,99.2,1
93.9,108.4,103.9,0,103.3,103.9,102.2,1
117.7,108.2,94.4,1,111.6,120.5,98.9,0
97.7,104.4,101.9,0,107.3,103.0,99.0,1
108.5,112.5,93.8,0,114.3,108.8,92.0,0
111.8,107.3,99.9,0,102.6,115.7,104.6,1
115.3,116.4,103.4,1,111.9,105.4,95.3,1
105.6,100.0,102.6,0,101.3,112.3,102.0,0
114.0,101.8,98.6,1,105.7,121.9,101.1,0
116.0,110.3,99.6,0,104.4,109.7,94.8,1
118.0,108.9,102.6,0,112.7,108.2,96.2,1
103.3,110.0,102.8,0,107.0,126.3,100.2,0
110.6,105.6,96.5,0,102.5,104.9,101.3,0
113.0,110.9,102.9,1,118.5,104.2,97.2,1
102.8,110.7,101.5,0,114.2,106.2,102.1,1
108.5,107.9,98.8,1,104.2,99.2,98.8,0
108.5,103.6,103.9,1,110.8,123.2,98.5,1
114.3,112.3,110.2,0,115.4,126.6,102.9,1
108.5,106.7,102.3,0,120.8,105.3,90.7,1
110.1,105.8,104.0,0,119.7,104.3,100.4,1
110.3,119.1,102.2,1,106.3,107.5,104.1,1
100.9,113.5,103.4,1,108.0,102.9,100.7,0
112.9,119.6,101.7,0,112.7,107.8,93.2,1
97.2,99.8,101.6,0,106.8,115.2,98.6,0
113.3,116.8,103.2,0,110.6,110.1,91.9,1
119.6,100.9,95.8,0,113.2,107.9,94.6,0
109.4,117.6,98.9,0,110.4,107.4,100.9,0
109.4,105.7,102.7,1,115.6,113.1,95.7,1
101.5,109.1,102.5,0,112.7,113.4,99.2,1
100.9,112.5,104.6,1,115.3,105.5,100.7,0
109.0,102.3,101.6,0,111.6,99.8,103.2,1
100.0,103.6,100.1,0,96.3,109.3,103.7,1
100.4,101.6,102.0,0,110.1,113.0,99.4,0
104.8,116.9,103.7,1,103.9,101.0,98.1,1
99.5,104.7,103.1,1,100.9,113.7,104.7,1
116.6,100.2,99.3,0,111.3,111.6,94.6,1
101.3,101.2,95.7,1,115.7,115.7,101.7,0
108.3,106.9,101.8,0,114.2,104.8,101.1,1
113.5,101.6,99.7,0,95.5,118.0,101.8,0
123.3,106.4,103.3,0,103.1,113.7,103.3,1
97.8,96.0,103.1,0,105.4,108.7,96.3,1
106.7,99.0,100.6,1,103.2,115.6,95.2,1
108.3,117.0,101.3,0,111.0,121.5,101.6,0
106.0,106.6,102.9,1,110.9,102.7,95.8,0
118.1,111.1,100.1,0,99.5,109.7,104.2,1
118.5,114.8,104.8,1,112.6,104.7,96.8,1
104.1,120.9,100.5,1,109.7,108.4,101.4,1
97.6,107.3,101.2,0,106.0,120.5,98.2,0
102.1,108.3,96.8,0,112.2,113.7,104.2,1
107.4,101.1,105.0,1,110.5,113.7,98.6,1
100.9,107.2,102.7,0,113.1,109.7,95.1,1
107.4,101.1,98.9,1,115.7,98.0,102.2,1
106.3,120.1,97.2,0,116.9,109.6,93.4,0
104.8,121.8,99.7,0,107.4,106.7,100.4,0
115.2,110.2,98.0,0,111.6,105.5,91.1,1
118.8,116.2,108.1,0,113.1,122.3,103.6,0
111.2,107.8,90.6,1,103.5,98.4,103.7,1
107.0,116.4,100.6,0,98.3,115.0,104.1,0
100.8,114.2,97.2,0,104.2,100.5,102.3,0
100.2,111.3,99.0,1,111.0,101.5,105.0,0
119.9,101.1,97.6,0,96.0,115.3,104.9,0
101.5,107.6,96.0,1,112.9,106.6,101.8,1
113.1,110.5,88.9,1,108.2,105.5,99.7,1
99.3,111.7,105.6,1,105.7,123.8,97.5,0
107.7,112.4,99.5,0,108.8,121.6,101.0,0
104.5,120.5,97.2,1,106.9,107.2,100.0,1
112.4,110.2,96.7,0,100.6,106.1,100.4,0
102.1,114.1,100.6,1,103.5,108.6,104.4,0
109.8,108.5,102.9,1,104.4,119.8,95.1,1
103.9,113.7,105.1,0,112.0,121.9,101.0,0
115.7,108.1,94.5,1,110.7,110.2,97.7,1
121.4,110.0,97.9,0,104.6,120.5,97.8,0
93.0,108.1,107.1,1,111.8,108.9,102.1,1
114.9,120.2,98.3,0,117.2,106.2,95.9,0
118.5,110.7,90.7,1,112.4,114.0,104.6,1
107.8,105.4,92.7,1,116.0,116.2,106.6,1
126.3,102.2,96.4,1,104.7,101.5,100.7,1
103.6,118.3,104.2,0,112.2,122.6,100.8,1
111.8,106.2,89.7,0,109.9,110.6,102.1,0
104.5,106.3,99.7,0,113.9,109.6,92.4,0
119.7,109.0,99.6,1,115.7,108.1,96.2,1
109.9,116.9,98.8,0,108.6,108.0,98.7,0
100.6,108.5,103.0,1,109.4,107.3,93.0,1
111.7,117.3,101.9,1,106.0,102.3,100.7,0
108.4,104.6,102.5,0,107.5,116.0,100.2,1
96.5,117.5,103.9,0,107.1,106.9,99.4,0
116.9,110.4,94.8,1,112.8,112.2,103.1,1
99.0,105.0,102.4,0,109.0,117.5,98.8,0
112.1,98.1,103.5,0,110.3,120.6,99.7,0
111.2,111.9,98.2,1,117.0,106.8,102.2,1
111.0,107.2,99.7,0,100.1,114.5,107.1,0
103.6,101.3,105.5,1,110.4,104.8,94.2,1
123.4,102.7,97.8,1,117.4,105.3,98.8,1
115.2,109.6,90.0,1,104.5,124.8,100.2,0
106.4,105.9,101.3,0,110.7,116.9,95.0,0
110.4,106.7,95.9,1,121.7,99.9,95.8,1
108.8,117.6,95.4,0,117.6,105.0,98.3,1
116.5,113.5,103.5,1,110.3,108.1,102.8,0
112.2,116.1,108.4,0,102.3,108.6,105.6,0
114.1,111.5,104.3,1,108.2,106.1,96.4,1
117.5,108.5,95.5,0,102.8,110.3,109.4,0
106.2,101.4,102.3,0,111.6,100.5,99.4,0
100.9,111.2,95.3,1,105.2,118.7,100.8,1
109.9,107.3,94.7,0,107.6,96.8,106.0,0
116.3,100.2,102.0,1,108.9,126.3,98.7,1
113.9,107.7,96.5,0,113.4,107.0,98.6,1
109.6,106.6,98.8,0,111.6,110.7,95.4,0
118.0,103.8,93.4,0,99.7,111.4,101.3,1
105.3,113.3,100.6,0,109.9,102.8,100.4,1
122.9,101.2,100.2,1,107.0,106.3,93.7,1
114.7,106.0,95.8,1,103.6,103.9,105.7,0
115.7,110.6,97.5,0,105.5,125.3,97.4,1
99.6,114.6,102.2,1,96.8,102.7,102.6,1
93.7,105.5,101.9,0,108.9,112.0,97.0,1
103.9,105.5,93.5,0,100.1,109.0,106.8,1
109.1,105.7,97.7,1,100.7,105.7,105.6,1
103.8,106.8,103.0,1,106.8,106.4,99.7,0
100.0,109.0,101.6,0,111.1,101.4,99.9,0
108.9,110.3,98.4,1,105.6,104.7,94.9,1
101.6,105.2,105.5,0,110.2,105.3,103.4,1
107.9,124.9,98.2,0,107.1,104.0,101.6,0
114.2,100.7,101.0,1,104.3,112.0,94.6,1
108.8,109.2,92.8,1,113.7,112.0,102.8,1
112.7,118.0,99.0,0,106.3,109.0,102.4,0
111.1,109.6,98.4,1,108.5,105.1,102.6,1
102.7,113.0,102.0,1,113.1,105.5,95.7,1
117.3,116.0,106.6,0,109.0,106.5,98.3,0
108.8,102.9,97.4,0,112.6,105.2,99.2,1
118.9,101.5,97.5,1,100.8,102.1,101.9,1
97.7,116.1,105.9,0,103.3,107.0,103.8,0
110.7,113.4,104.4,0,113.1,119.7,99.1,0
111.7,116.5,104.4,0,93.9,105.3,103.8,1
100.8,111.7,103.9,1,105.2,108.7,91.4,1
96.7,121.7,105.1,0,108.1,114.9,100.8,0
108.5,103.5,103.2,1,107.0,93.6,98.0,0
109.6,109.3,103.5,0,101.1,119.5,103.3,0
117.3,102.5,100.1,1,111.0,101.1,96.8,1
106.8,102.9,100.9,1,117.5,113.2,106.5,0
114.0,105.5,102.4,0,107.3,123.2,97.6,0
115.1,104.9,98.9,1,102.8,110.2,101.2,1
113.6,113.2,104.1,1,107.3,96.0,99.2,0
102.4,125.6,102.6,0,124.1,102.1,95.8,1
119.9,99.3,95.7,0,100.0,113.4,103.4,1
112.7,108.0,103.5,1,110.9,98.3,100.6,1
113.7,101.1,102.0,0,109.9,103.3,103.5,1
114.9,114.1,104.1,0,106.1,96.9,98.8,1
106.0,117.7,101.6,1,107.7,112.2,99.5,0
112.7,100.9,100.2,1,106.8,107.2,102.3,1
108.5,105.2,96.3,1,96.3,104.1,103.5,0
106.5,107.4,101.3,1,106.1,105.5,100.7,1
102.2,118.6,96.0,1,121.8,102.9,98.1,1
107.3,106.7,97.6,0,105.2,100.2,101.5,0
102.4,111.9,101.8,1,101.8,119.4,98.6,1
119.1,105.3,91.4,1,112.5,112.6,102.1,0
108.9,108.3,97.6,1,113.0,107.4,98.6,1
114.8,107.6,91.4,1,113.0,108.1,102.4,0
103.6,111.9,102.3,0,107.3,113.7,98.5,0
111.8,119.7,105.8,0,112.8,106.6,94.4,0
107.3,112.3,93.6,0,111.6,99.8,99.5,0
98.2,108.2,102.0,0,112.9,119.3,104.4,0
112.3,111.2,101.7,1,112.3,106.8,102.5,0
114.4,109.8,100.9,1,106.4,107.3,101.9,1
115.0,113.6,98.8,0,102.7,106.6,98.3,1
102.0,111.9,98.2,1,110.8,121.1,103.1,1
101.6,104.3,101.2,0,120.4,106.2,95.1,1
118.5,99.0,97.8,1,102.3,105.6,98.7,1
113.6,108.7,99.0,0,96.7,108.2,98.6,0
93.7,102.5,103.9,0,111.2,104.3,103.5,0
113.7,113.2,103.1,0,109.5,104.7,104.2,0
113.5,101.9,96.6,1,111.0,109.6,95.4,1
98.4,106.5,105.8,1,118.6,99.3,98.1,0
113.6,106.9,91.0,1,107.1,108.1,100.6,0
106.5,102.7,104.7,0,114.8,105.2,93.4,1
117.2,94.7,95.5,0,111.2,97.0,100.7,1
115.3,108.8,96.0,1,115.1,114.3,100.8,1
101.5,105.7,104.2,0,109.9,103.2,100.7,0
114.1,108.1,96.8,1,113.6,98.0,97.5,1
116.8,96.2,97.9,0,112.2,123.9,104.3,0
105.5,106.0,101.8,0,109.0,106.6,96.3,1
96.6,107.3,104.9,0,113.1,111.1,103.2,0
115.3,110.8,99.8,0,102.1,98.6,102.7,0
93.6,105.1,99.4,1,109.7,113.6,105.7,0
113.3,108.7,98.1,0,105.1,114.6,96.4,0
102.7,109.6,91.7,0,110.8,107.9,98.5,0
110.6,101.0,101.2,0,107.9,107.9,101.2,0
117.6,119.5,103.7,1,112.8,106.3,100.3,1
112.7,96.8,94.6,0,112.1,120.4,101.5,1
110.9,113.8,101.7,1,111.5,109.5,97.1,0
104.2,111.5,102.6,1,98.3,103.8,102.9,1
110.5,111.7,94.6,1,113.9,106.4,100.4,0
107.9,103.7,99.5,0,109.4,108.8,94.9,1
100.7,114.0,106.1,1,111.6,113.4,104.3,0
113.8,110.2,90.0,1,112.2,114.6,93.1,1
114.1,109.1,103.6,0,120.9,106.2,97.4,0
104.8,102.2,107.1,0,119.9,101.5,94.8,1
110.5,109.9,97.1,0,108.5,100.7,101.5,0
118.5,99.3,99.9,1,110.6,109.7,96.9,1
108.0,111.1,102.5,1,109.1,107.8,94.4,0
116.4,99.6,102.3,1,113.6,124.6,102.5,1
104.9,117.7,103.5,0,97.1,105.8,99.2,1
107.8,110.0,103.3,1,105.2,100.0,104.4,0
110.2,105.7,97.2,0,120.5,104.9,97.0,0
110.8,111.3,100.9,1,102.8,109.2,101.4,1
114.2,97.8,97.6,1,122.1,97.8,96.3,1
113.9,108.7,99.8,1,107.2,111.3,95.9,0
109.4,104.6,101.7,1,106.5,104.0,104.8,0
108.2,107.5,102.7,1,109.3,110.1,94.5,1
101.5,110.6,102.3,0,113.4,107.5,91.2,0
113.4,118.2,106.1,0,110.7,120.5,103.2,0
110.4,115.6,100.9,0,101.7,122.4,102.4,0
116.2,107.8,98.7,1,104.0,112.2,101.3,0
110.7,107.8,103.3,0,115.2,110.3,99.7,0
102.6,104.8,92.1,0,109.1,119.1,100.2,0
100.4,111.5,104.1,1,105.0,107.1,98.8,1
113.4,112.8,94.5,1,99.2,113.8,101.4,1
115.7,116.0,99.3,1,106.0,104.7,102.7,0
111.4,104.5,89.6,0,120.5,99.4,100.9,0
101.4,105.2,103.3,1,108.0,99.7,99.9,0
107.2,105.0,101.6,1,107.6,106.1,95.0,1
97.2,118.4,106.6,1,101.4,105.2,102.6,0
112.2,114.8,104.2,1,110.3,106.9,93.6,1
110.4,103.1,106.8,1,112.6,113.0,97.3,1
105.7,113.6,93.0,0,109.4,117.4,98.2,0
113.8,102.9,97.7,1,103.7,119.3,102.4,1
119.2,114.8,99.9,0,101.9,104.2,103.8,1
110.8,99.9,101.5,0,107.9,125.7,99.0,0
110.3,103.8,95.4,0,102.0,110.2,107.7,1
108.8,119.6,102.4,0,110.1,106.6,96.4,0
111.2,121.5,103.4,1,118.3,97.8,97.8,1
105.8,104.3,101.6,1,113.3,110.5,100.0,0
109.7,119.6,98.5,1,116.1,116.5,100.6,0
115.5,101.3,98.4,0,103.3,102.0,101.6,1
103.8,107.0,102.8,1,113.7,110.0,106.9,1
124.1,100.9,95.1,0,115.4,122.7,105.5,1
109.9,93.3,101.2,0,109.1,105.2,92.2,1
101.0,108.4,100.1,0,112.8,109.2,95.1,0
97.5,112.8,104.7,1,107.7,99.5,98.3,0
110.5,106.4,96.5,0,119.7,109.9,101.6,0
104.7,102.9,98.8,0,119.0,105.8,99.7,1
108.4,119.6,98.1,0,97.8,104.5,99.6,0
110.9,107.5,100.3,1,117.7,114.3,99.0,0
108.6,105.7,94.0,0,119.0,112.8,102.6,0
112.2,115.3,102.7,0,112.4,109.8,94.6,0
116.4,118.1,104.9,1,105.5,105.9,100.9,1
103.1,111.5,100.8,1,104.0,108.0,95.1,1
117.1,118.1,98.3,0,111.3,106.2,98.3,0
109.8,111.6,94.2,1,101.6,112.6,95.5,1
111.9,111.8,92.4,1,115.5,111.0,105.3,1
98.3,105.7,100.5,1,116.9,111.1,106.5,1
113.4,112.8,104.6,0,120.5,99.6,95.3,0
110.9,111.1,98.3,1,99.0,112.4,107.9,1
111.2,105.5,93.0,1,111.8,110.6,97.6,1
105.6,100.1,101.1,1,120.7,98.9,100.8,1
120.6,100.0,97.0,1,113.9,116.9,102.1,0
107.6,102.5,104.1,0,105.4,108.2,98.7,1
124.4,102.2,99.3,1,108.8,102.7,90.4,1
96.2,113.4,102.8,1,96.0,116.1,100.6,0
95.1,109.1,107.8,0,113.7,108.9,101.9,0
112.2,116.6,105.1,0,100.6,115.9,106.6,0
98.7,100.2,102.4,0,107.0,107.5,103.2,1
102.5,104.9,100.6,1,110.3,108.8,99.3,1
97.4,115.0,98.4,0,105.6,106.9,103.0,0
112.3,124.4,101.7,0,114.8,108.3,106.1,0
98.5,97.8,100.0,0,107.7,103.3,93.0,0
103.2,121.7,95.4,1,104.6,113.4,103.7,0
118.3,109.4,98.2,1,102.7,111.3,103.5,0
107.3,104.2,97.0,1,104.2,104.7,100.8,1
100.1,110.9,104.2,1,110.8,106.8,95.7,0
102.1,124.1,96.7,0,105.9,113.0,96.2,0
108.9,105.4,93.5,0,108.0,115.4,97.1,0
110.2,121.3,97.3,0,118.6,109.6,108.2,0
107.0,122.0,96.1,0,107.7,109.6,99.6,0
120.6,96.7,99.2,1,105.5,103.6,105.7,1
96.1,105.8,102.8,1,103.5,106.2,100.2,0
99.6,103.2,101.2,0,100.4,112.6,102.0,0
111.2,105.0,101.9,1,112.5,104.4,94.7,1
119.3,105.3,93.2,1,104.3,114.2,99.4,0
97.9,114.9,99.4,1,101.2,100.1,103.7,1
110.0,96.4,95.4,1,103.2,121.2,98.6,0
99.4,117.9,100.0,0,112.5,100.9,96.2,1
117.4,106.3,95.2,0,105.4,104.8,101.7,1
95.0,104.0,106.5,1,111.3,108.5,95.8,1
107.5,105.7,101.1,1,111.8,112.6,99.3,1
108.7,109.8,99.3,1,105.4,121.3,97.2,0
111.0,107.6,99.8,1,107.4,122.6,97.5,0
102.9,114.9,102.4,1,105.2,103.4,103.2,0
113.2,123.9,101.2,0,118.3,114.8,104.4,1
114.9,103.8,98.0,0,104.9,110.9,97.0,1
113.2,113.4,97.9,0,103.9,106.7,97.5,1
116.2,108.7,95.3,0,103.7,113.2,101.3,0
120.4,104.9,94.8,0,114.4,106.0,91.3,1
106.6,108.6,99.9,1,100.5,101.7,100.7,1
105.9,106.1,96.8,0,98.1,115.0,103.9,0
110.7,110.0,97.5,1,103.4,119.9,96.9,0
95.1,113.1,100.4,0,108.4,104.9,103.2,0
97.1,111.1,107.2,1,118.5,100.2,96.8,0
109.2,106.9,100.9,1,107.2,114.5,100.4,1
105.8,111.4,100.1,0,107.8,105.3,102.8,0
101.9,112.7,102.5,0,96.4,115.7,100.1,0
114.2,106.4,93.1,1,110.5,108.9,97.5,0
109.8,124.7,105.5,1,111.9,109.8,99.2,0
114.3,117.1,103.8,0,119.9,103.0,100.8,1
105.8,108.4,95.8,1,124.6,101.0,98.8,1
118.8,109.9,101.4,1,106.3,101.6,98.9,0
114.0,106.2,97.2,0,108.3,106.5,101.0,0
109.2,105.3,103.0,0,110.0,96.2,96.9,1
108.9,102.1,99.2,1,108.2,124.8,99.8,0
108.0,114.2,97.5,1,111.3,108.6,98.5,1
103.4,98.2,104.0,1,118.0,111.8,104.7,0
104.1,96.9,101.3,0,105.4,104.5,101.1,1
110.4,107.9,94.6,1,105.2,108.3,93.9,0
108.8,107.5,92.5,1,112.7,116.2,103.8,1
111.9,108.1,91.8,0,108.7,114.7,100.9,0
117.8,105.7,94.3,1,98.4,111.6,106.7,1
117.3,100.3,98.5,0,100.9,110.4,99.0,1
105.9,111.5,101.5,0,104.9,103.7,98.7,0
120.9,101.3,100.8,1,115.8,93.5,97.2,1
101.0,108.9,104.3,1,101.0,100.8,105.2,0
114.9,104.4,98.8,1,103.7,99.7,100.7,1
110.3,94.1,98.3,1,117.3,117.0,101.7,1
115.6,108.0,96.7,1,106.7,104.8,101.4,1
102.6,102.0,98.0,1,113.0,118.2,104.5,1
96.4,109.3,104.1,1,108.7,101.5,101.4,0
91.4,99.9,98.9,0,105.3,102.0,102.9,0
118.2,102.3,101.4,0,111.9,108.2,98.7,1
118.3,94.7,100.3,0,106.7,108.7,100.8,0
112.4,101.2,97.7,1,100.9,106.0,101.8,1
118.3,102.9,97.5,1,103.0,104.8,101.2,1
108.1,116.0,96.8,0,109.9,108.9,101.1,0
111.0,105.9,99.5,0,102.6,117.4,100.2,0
107.9,105.5,101.5,0,96.3,117.4,107.4,0
114.1,94.5,101.1,0,108.5,108.1,99.5,0
102.6,103.0,101.6,1,113.5,92.9,98.3,1
96.4,110.6,104.3,0,110.3,101.0,100.3,0
106.2,99.7,101.6,0,107.5,113.2,96.8,0
100.6,110.0,96.9,0,108.9,110.9,96.8,0
103.3,104.3,102.7,1,109.3,108.6,102.0,1
97.3,103.4,100.2,1,107.9,110.2,100.0,1
117.1,100.5,97.3,0,113.7,100.4,104.6,1
106.0,106.1,102.9,1,106.7,103.3,98.9,0
106.7,111.5,101.0,1,119.9,106.7,97.6,1
118.5,98.8,98.5,0,109.2,112.6,103.2,1
110.0,108.3,101.8,0,104.6,107.8,98.2,0
112.6,115.3,99.7,1,112.0,111.9,94.4,1
116.0,105.5,101.2,1,107.6,109.6,103.8,1
109.1,106.7,92.6,0,108.7,103.4,99.8,0
102.3,108.5,101.8,1,107.4,109.3,95.4,1
108.7,115.8,94.0,1,113.9,102.8,100.7,1
103.3,98.6,103.6,1,109.4,108.6,95.7,0
104.4,108.2,97.4,0,101.0,99.4,99.8,1
110.1,111.6,99.3,0,111.4,93.4,99.0,1
104.5,102.4,101.9,1,103.2,113.9,93.3,1
103.5,119.0,98.7,0,109.5,109.0,102.4,0
110.7,107.9,99.9,1,107.9,104.4,105.3,0
107.8,103.7,102.3,1,103.8,114.1,104.2,0
111.2,123.3,98.9,0,113.3,109.7,97.7,0
113.9,110.8,98.3,1,107.5,100.7,98.7,1
117.0,102.6,97.2,0,100.3,119.5,100.4,0
123.1,102.6,99.8,0,111.8,103.8,102.9,1
99.6,116.9,102.6,0,101.0,110.3,104.8,0
109.3,99.0,99.2,1,110.9,112.4,96.8,1
107.3,95.0,100.3,0,119.1,111.6,98.8,1
105.1,106.4,98.9,0,110.1,107.1,95.6,1
112.2,96.0,96.0,1,114.1,111.4,99.4,0
107.3,110.8,103.4,1,104.5,119.7,101.9,1
107.9,111.3,97.5,0,108.8,107.9,92.6,0
115.7,115.7,100.6,0,110.5,99.1,102.6,1
108.1,127.5,95.3,0,104.0,114.1,103.9,0
117.5,100.4,98.5,1,109.5,110.4,100.1,1
110.8,107.4,99.9,1,119.7,102.4,96.9,1
110.6,111.8,95.0,1,108.0,108.0,103.4,0
108.7,107.5,98.6,1,102.1,104.6,107.5,0
89.7,105.1,99.9,1,116.7,105.7,98.9,1
112.9,102.3,95.7,1,106.6,118.6,98.7,1
116.6,119.4,103.5,0,105.1,102.3,101.2,0
121.8,100.7,100.4,0,99.1,104.5,104.0,1
112.0,113.5,97.7,1,111.8,111.6,95.3,0
101.6,115.2,106.7,0,114.1,110.8,102.8,1
115.1,110.1,96.4,0,101.2,117.2,104.6,1
104.4,111.5,95.6,1,121.6,95.9,97.7,0
101.6,104.5,105.2,0,111.6,117.7,98.0,0
106.7,102.8,104.1,0,110.6,110.1,100.2,0
103.0,99.1,100.4,0,114.8,95.6,94.2,0
105.7,105.6,101.5,1,115.8,113.4,104.8,1
100.0,104.7,106.3,0,109.0,100.1,100.0,1
116.2,108.5,105.2,0,105.6,103.8,104.0,0
107.8,103.0,104.2,0,106.2,103.2,104.5,1
112.5,107.4,102.0,0,115.8,104.7,92.1,0
113.7,109.2,99.9,0,109.3,103.1,101.8,1
106.3,111.5,97.4,1,106.6,113.2,97.9,1
122.2,99.6,98.4,0,111.1,113.4,97.6,1
107.3,108.0,99.7,0,105.5,100.5,105.1,1
102.3,96.7,102.6,1,111.6,118.6,95.9,0
110.3,100.7,99.3,1,109.1,101.7,102.2,0
109.8,104.8,92.4,1,112.1,112.7,100.9,0
103.1,113.2,104.6,1,104.2,107.1,100.3,0
104.7,107.5,104.0,0,114.2,112.3,98.7,0
115.7,108.6,100.5,0,97.2,119.2,104.8,1
111.8,91.6,99.5,1,105.6,116.7,101.8,1
108.9,120.6,100.1,1,99.2,110.0,104.9,0
123.7,106.8,98.9,1,114.6,106.3,100.9,1
104.7,104.5,103.4,0,113.9,97.1,95.5,1
97.9,117.7,108.1,0,111.5,109.9,98.4,0
108.8,106.3,103.0,1,111.1,108.1,101.0,0
99.0,100.6,103.3,1,109.5,108.6,98.9,0
109.1,99.3,97.0,1,112.6,105.3,100.7,1
103.8,102.2,99.0,1,109.6,92.9,96.9,1
111.0,104.6,100.7,1,105.8,93.5,96.5,1
104.2,102.9,100.8,1,111.8,115.6,93.7,1
109.9,104.2,102.7,1,110.5,118.4,102.2,0
93.8,111.9,104.1,1,108.4,107.5,95.3,0
116.9,97.6,99.7,0,110.7,108.6,93.7,1
106.6,106.8,100.8,0,94.6,111.2,104.5,1
106.0,103.5,100.8,1,114.8,108.1,100.4,1
106.5,114.2,97.9,1,119.6,103.0,99.9,1
102.6,109.2,94.7,0,111.9,116.9,104.7,0
107.5,107.7,100.1,1,110.0,112.5,95.1,1
99.1,114.5,104.5,0,99.2,104.1,103.2,0
103.0,112.1,101.5,0,100.0,107.7,97.8,0
108.9,104.6,99.1,0,104.2,102.1,106.3,0
108.5,112.3,98.9,1,111.1,111.2,100.4,0
106.6,106.9,103.3,0,97.3,115.3,102.6,0
109.5,98.4,103.3,0,106.1,111.6,101.8,0
117.9,104.5,95.4,0,110.2,111.4,107.5,1
109.0,120.2,104.3,1,97.0,114.7,104.1,0
108.8,111.2,99.8,1,110.4,110.8,102.4,1
105.6,101.6,100.2,0,110.9,106.6,91.4,0
99.3,113.8,101.5,1,109.9,106.7,93.3,0
104.2,98.9,100.7,1,113.1,105.0,93.9,1
104.6,104.2,101.3,0,106.7,108.2,97.0,0
113.7,114.2,96.8,1,121.3,100.3,98.9,1
109.5,109.2,94.1,0,109.4,107.4,100.8,0
109.0,109.7,104.0,1,108.3,112.5,101.0,1
102.4,103.2,102.8,1,114.9,104.9,96.4,1
114.7,108.2,97.0,1,105.1,114.3,101.1,1
102.0,108.9,106.9,0,104.8,107.6,99.3,0
107.0,113.6,101.8,1,120.2,105.3,100.2,1
110.9,100.2,105.9,0,108.9,112.0,94.7,1
93.2,109.0,101.2,0,96.0,116.5,104.9,1
102.9,102.3,108.2,0,105.6,103.1,101.0,1
100.4,113.1,105.5,0,106.4,107.4,97.0,1
113.2,108.6,94.1,1,107.3,106.2,103.1,1
112.2,97.9,96.2,0,112.5,105.4,97.1,1
105.2,110.1,101.0,0,105.7,102.2,100.2,0
115.1,106.3,97.6,0,110.3,114.6,102.8,0
109.0,96.3,102.6,0,111.7,107.3,100.4,1
111.5,108.3,90.6,1,116.8,100.6,96.9,1
108.6,105.8,94.7,0,104.5,102.0,103.8,0
113.6,106.9,94.9,0,103.9,109.2,101.2,0
109.1,115.7,100.8,0,97.3,114.7,102.4,0
109.0,110.9,97.5,1,106.2,103.8,105.3,1
112.6,112.4,94.7,0,121.0,96.7,102.4,1
114.4,120.4,101.9,1,115.7,111.7,98.6,1
106.6,104.8,102.6,1,114.5,114.1,103.6,0
109.4,106.4,102.4,1,104.5,111.9,99.9,1
108.3,120.5,100.3,0,106.6,111.4,99.8,1
113.4,112.5,94.7,0,110.0,122.4,100.4,1
102.3,109.6,102.4,0,113.2,101.4,96.9,0
114.7,112.4,97.1,1,111.4,119.8,103.8,0
116.0,103.2,96.0,1,116.7,120.8,104.3,1
98.1,103.7,99.4,1,111.6,108.6,95.2,1
99.4,114.7,105.5,1,106.7,114.4,99.5,0
112.0,102.3,103.4,0,107.5,111.3,97.3,0
108.8,104.4,101.4,0,112.0,108.2,98.7,1
115.9,103.3,100.0,0,104.8,110.7,103.0,0
113.8,108.9,94.1,1,120.7,102.3,100.6,1
112.2,119.5,102.7,0,102.1,110.9,98.3,0
113.2,110.4,103.2,0,103.9,109.1,101.6,0
108.9,108.6,100.1,1,103.5,108.6,95.5,0
111.3,116.6,102.4,1,100.1,109.2,103.6,0
106.7,107.7,99.6,0,108.1,100.6,104.6,0
119.8,105.4,98.8,0,103.4,106.5,95.0,1
113.5,108.2,94.1,1,110.0,110.8,92.6,1
111.6,105.3,98.8,1,123.6,104.1,99.9,1
117.4,113.1,104.9,1,104.5,112.4,106.0,1
105.9,102.0,101.8,1,104.2,110.6,105.0,0
115.1,110.0,94.6,1,108.5,98.3,98.0,1
107.9,112.8,103.1,1,110.8,116.5,102.3,0
108.6,104.5,100.4,0,106.7,103.8,92.1,1
113.0,125.9,104.5,0,107.2,105.9,96.9,0
116.6,102.6,99.8,1,107.3,108.5,106.3,1
116.8,105.1,97.0,1,108.1,105.2,102.2,1
111.8,111.4,102.7,1,114.3,105.5,90.2,0
107.3,107.4,103.2,0,109.8,109.7,89.0,0
115.2,115.5,103.0,1,112.2,110.9,90.8,0
97.6,106.5,103.5,1,101.8,113.0,105.5,0
115.3,108.6,92.2,0,115.5,116.0,100.1,0
105.6,105.7,101.3,1,108.1,95.5,95.1,1
103.3,113.1,94.2,0,116.4,106.9,96.3,0
100.5,113.9,102.4,1,107.2,109.2,99.0,0
106.1,122.6,99.9,1,111.0,100.3,99.7,1
106.7,112.0,97.7,0,118.7,112.5,104.6,1
106.2,115.1,94.1,1,112.0,110.8,99.3,1
107.4,108.8,95.2,0,113.3,112.2,103.8,0
111.0,107.0,100.3,1,102.2,109.3,96.9,0
101.9,117.8,106.2,1,112.9,100.1,98.1,1
112.8,108.1,97.7,0,109.8,112.5,103.1,0
108.3,111.6,104.8,1,109.7,123.8,99.4,1
105.7,99.9,104.6,1,104.7,109.3,99.5,0
117.8,114.5,99.5,1,106.2,102.6,101.5,1
103.7,98.9,100.2,1,111.0,113.9,101.9,1
112.5,110.8,94.6,0,113.5,110.5,96.8,0
106.6,106.8,102.9,0,107.0,106.1,101.3,0
111.9,100.9,99.8,1,115.3,97.4,97.3,1
111.0,102.5,102.2,1,106.8,109.3,103.2,1
106.7,108.0,98.9,0,109.8,107.0,99.2,0
117.9,108.2,86.7,1,111.7,125.0,100.7,0
116.8,107.6,99.3,0,110.4,96.0,98.4,1
99.5,107.1,100.5,1,104.2,117.5,95.8,1
125.8,97.1,100.1,0,110.0,119.5,100.3,0
106.8,106.3,99.7,0,97.1,112.9,105.1,0
104.6,104.2,105.3,1,97.4,101.1,100.1,1
113.5,120.3,103.7,0,108.8,108.8,97.9,0
99.6,112.2,101.0,1,104.9,111.0,99.4,0
96.9,100.3,100.6,1,112.2,108.6,93.9,1
101.7,99.5,102.7,1,111.8,107.5,92.1,1
110.8,110.6,91.2,0,106.7,109.0,95.8,1
103.4,108.0,95.2,1,115.8,116.1,105.1,1
110.0,109.4,100.3,1,116.2,119.2,104.0,1
112.5,107.3,96.1,1,106.1,102.1,102.1,1
103.4,113.0,95.4,0,113.7,113.9,104.5,0
111.0,109.7,95.1,0,115.5,100.9,98.2,1
110.5,123.0,96.7,0,106.6,104.8,103.8,0
102.3,106.5,98.5,1,104.3,111.3,95.1,0
111.6,109.4,104.9,1,106.9,113.0,97.9,0
108.6,107.6,98.2,0,107.2,110.0,96.3,0
103.3,104.1,100.2,0,110.6,108.8,95.0,1
116.2,100.5,96.9,1,102.9,102.6,102.3,1
112.1,97.8,97.5,1,95.0,103.5,101.6,0
112.2,103.1,102.3,1,107.3,105.5,91.7,1
102.2,102.5,104.7,0,105.1,105.7,107.8,0
118.8,100.9,100.2,1,118.1,111.6,101.8,1
109.9,101.5,104.0,0,121.5,99.7,97.9,1
108.0,107.5,98.7,1,111.6,110.7,102.1,1
103.3,110.8,104.7,0,102.9,109.0,104.2,0
105.1,109.7,96.7,1,109.4,120.5,96.6,0
100.2,101.7,102.1,0,109.8,105.9,95.5,1
105.1,109.5,103.2,1,101.7,94.8,99.0,0
96.7,112.3,98.8,0,114.8,105.6,97.5,0
111.2,109.8,104.2,0,113.0,107.2,91.8,1
101.0,110.7,96.1,0,119.2,101.2,98.9,0
110.2,110.9,96.1,0,113.2,107.3,102.6,1
115.9,113.7,102.5,1,106.8,103.6,106.2,1
107.4,105.4,102.7,1,103.5,111.5,105.5,0
104.2,113.3,100.6,0,115.2,109.0,104.5,0
110.2,105.4,107.2,0,115.3,109.8,99.6,0
111.4,109.1,101.3,1,94.7,108.6,101.7,0
109.7,99.8,99.1,0,111.6,108.0,95.0,0
102.4,112.1,100.1,1,105.1,118.0,98.2,0
113.3,120.0,98.7,1,109.6,114.1,97.7,1
107.4,109.2,99.1,1,118.9,99.9,98.0,1
107.7,104.3,105.0,1,113.0,108.8,104.1,0
120.3,101.6,98.0,0,103.2,102.9,100.5,1
112.6,105.2,102.9,0,107.8,102.0,99.1,0
113.4,104.3,93.3,0,112.2,112.0,100.0,1
112.0,117.3,102.7,0,111.2,123.4,97.5,0
111.7,118.3,101.9,0,116.2,105.3,97.9,1
117.2,107.1,100.3,0,109.9,103.9,92.1,1
101.6,111.7,101.6,0,108.8,104.0,102.1,1
101.4,104.4,102.4,1,99.0,114.3,106.0,1
108.6,115.6,93.2,0,119.8,101.5,101.3,1
99.7,117.0,103.7,1,113.1,109.5,100.9,0
107.0,108.6,104.8,0,114.9,108.4,100.6,1
113.1,95.2,101.1,0,111.9,121.6,100.0,0
117.3,97.1,98.9,1,106.9,111.0,102.0,1
123.5,105.9,99.2,1,112.3,109.9,100.6,1
108.9,107.1,101.0,1,122.0,102.7,96.8,1
103.3,115.5,105.3,0,96.0,104.6,97.3,1
100.6,117.3,101.2,0,115.8,113.1,98.8,0
107.9,117.8,101.7,1,117.3,116.3,103.2,0
93.1,100.6,101.8,0,95.4,110.9,104.6,1
105.7,108.4,101.9,0,109.4,107.4,101.2,1
109.0,94.4,98.5,0,112.7,117.2,104.0,0
108.4,108.5,92.4,1,117.3,110.7,96.5,1
99.4,113.8,93.0,0,114.5,115.9,94.0,0
116.6,124.1,102.7,1,114.7,118.9,106.5,0
107.2,113.4,93.6,0,101.2,107.1,103.1,0
122.3,105.1,96.7,0,101.6,116.7,104.1,1
101.6,111.3,102.6,0,114.5,115.3,107.3,1
114.9,117.4,101.0,0,113.6,111.0,102.9,1
98.6,115.0,103.8,0,103.6,108.7,104.5,0
100.7,108.9,99.3,1,110.1,111.1,102.5,1
108.4,105.1,98.9,1,118.7,112.9,102.3,0
111.6,107.2,91.2,0,123.3,101.6,95.7,1
100.3,115.2,104.1,0,104.8,111.5,101.0,0
109.1,108.7,96.2,0,121.7,104.1,99.6,1
115.6,110.4,98.3,0,108.3,103.5,101.4,1
113.2,110.8,95.6,1,94.4,105.2,103.7,1
111.6,96.9,99.1,0,107.3,107.1,96.3,1
113.8,111.0,90.4,1,122.3,103.5,100.3,1
114.6,110.0,95.9,0,108.6,119.3,96.0,0
103.7,107.8,102.6,0,101.3,101.8,101.6,1
105.3,104.9,99.6,1,115.8,111.2,107.9,1
104.8,106.9,92.4,0,114.8,108.1,100.7,1
107.6,107.6,102.4,0,98.3,99.2,105.9,0
107.1,110.8,101.5,0,107.0,118.9,100.6,0
108.6,109.5,98.6,0,113.5,106.4,91.4,0
111.8,112.4,88.5,0,113.6,109.6,99.5,1
101.7,114.4,104.4,1,107.4,112.7,98.2,0
112.5,108.8,104.4,0,112.1,105.6,93.2,1
98.9,120.8,106.4,0,112.5,96.6,101.3,0
103.3,99.9,100.8,1,107.5,111.1,101.1,1
107.5,109.0,98.3,0,109.5,106.8,99.4,1
108.7,114.4,94.0,1,103.9,103.9,101.2,1
114.0,111.7,107.0,0,105.1,100.9,101.0,0
109.7,95.6,96.6,0,113.6,110.6,100.3,1
121.0,101.8,98.8,1,112.7,100.7,96.8,1
109.0,113.7,102.1,1,102.1,118.8,100.3,0
121.1,96.8,98.2,1,112.8,117.4,105.6,1
110.3,105.4,96.5,0,118.9,109.3,96.4,1
96.8,111.7,105.5,0,102.5,99.3,101.1,0
113.9,93.1,99.0,0,113.7,118.3,101.8,1
109.0,108.4,101.0,0,117.6,111.6,105.2,1
117.4,107.5,92.3,1,106.5,101.6,101.5,1
112.2,105.4,99.5,0,117.9,121.0,103.2,0
106.7,113.4,100.6,1,103.4,98.4,103.9,0
118.6,104.8,98.9,1,103.5,101.2,102.9,0
116.0,115.2,103.9,0,106.7,108.5,90.8,0
111.0,107.9,102.1,1,105.2,104.6,96.2,0
106.0,100.2,99.3,0,112.9,116.7,96.8,0
108.1,127.2,99.8,1,111.1,102.2,103.2,0
109.6,107.8,95.5,0,120.8,100.4,97.6,1
99.2,113.3,102.7,1,104.0,95.9,106.2,1
108.7,99.9,99.7,0,101.8,121.1,100.2,0
115.1,102.6,96.9,1,118.5,95.0,93.6,1
116.2,111.2,104.0,1,101.3,99.9,102.0,1
115.3,107.6,104.7,1,106.0,106.2,102.1,1
107.7,106.3,104.8,1,100.5,106.6,103.5,1
107.8,108.0,94.6,0,99.6,109.6,102.2,0
109.2,108.4,93.7,1,108.3,106.4,98.0,1
113.9,99.1,100.1,1,106.7,100.8,100.4,1
103.0,116.9,103.0,0,101.1,105.0,95.1,1
107.4,116.8,99.8,0,98.8,118.4,104.6,0
105.6,106.8,106.3,0,102.2,108.9,102.8,0
122.0,99.8,94.2,1,107.8,107.9,102.8,1
102.5,100.0,97.4,1,110.1,107.2,94.2,0
115.7,110.0,102.4,0,119.4,109.7,99.7,0
105.2,103.3,101.1,0,104.2,121.1,99.2,0
108.2,101.1,95.0,1,102.0,100.0,104.6,1
110.2,123.8,100.5,0,97.7,107.7,95.6,0
104.1,113.9,101.1,1,120.1,115.1,101.5,1
114.3,110.7,100.3,0,115.9,113.3,104.6,1
109.8,118.6,104.5,1,120.2,102.6,93.2,1
111.8,111.3,92.3,1,103.6,111.6,96.3,0
108.9,111.4,100.7,1,114.7,105.6,95.9,0
110.8,105.5,101.3,0,116.1,110.3,92.0,1
105.7,104.0,100.1,1,119.1,103.0,95.3,1
111.8,100.3,98.7,0,98.5,108.2,105.5,1
99.1,103.2,101.0,1,110.6,119.2,101.9,0
119.6,108.1,93.3,0,113.7,97.4,99.2,0
116.7,103.2,98.0,0,103.0,110.7,97.7,0
112.0,112.9,101.5,1,115.6,110.6,94.1,1
117.4,103.5,98.6,1,100.8,110.3,101.4,0
117.0,110.2,101.5,0,107.7,110.6,95.8,1
110.6,110.8,99.1,0,105.0,115.4,98.3,0
118.0,100.6,104.4,1,104.8,114.6,101.0,1
123.3,105.3,99.8,1,106.8,107.9,99.7,1
95.0,106.1,101.2,0,120.9,108.0,96.0,1
107.7,109.7,95.6,0,112.4,106.4,94.6,0
104.1,106.2,103.6,1,118.0,118.4,102.3,1
120.7,99.1,97.2,1,101.5,115.6,107.6,1
95.8,101.3,99.7,0,118.0,107.0,96.5,0
105.7,100.8,100.7,0,116.9,110.3,105.4,0
106.4,103.2,100.5,0,118.2,102.9,96.2,1
105.0,99.9,101.4,1,117.1,119.7,104.1,1
112.8,105.2,101.8,1,107.9,105.3,93.6,0
103.5,111.9,97.6,0,110.7,112.7,95.8,0
97.8,107.9,102.5,0,111.6,113.5,99.3,0
103.1,103.0,100.2,1,114.5,105.5,95.3,1
106.9,102.3,102.1,0,102.0,111.7,106.3,0
101.4,98.8,103.7,1,121.2,92.5,101.4,0
107.1,108.2,97.3,0,119.0,111.9,102.8,1
120.3,106.6,98.4,1,111.4,122.9,101.3,1
106.7,112.9,95.6,1,108.3,110.3,97.6,0
108.0,107.9,99.7,1,112.0,113.2,93.4,1
112.2,119.6,96.9,1,98.5,105.4,101.9,0
112.3,109.9,102.7,1,106.6,112.3,94.4,0
113.1,108.0,103.6,0,115.0,97.5,100.1,1
99.3,112.5,100.7,1,113.3,104.2,99.1,1
107.6,122.6,97.4,0,116.5,107.4,97.9,0
112.6,106.9,100.5,1,109.1,121.7,98.7,1
111.4,113.8,100.7,1,102.4,115.5,104.9,1
115.5,113.5,93.2,0,103.6,103.9,105.9,0
108.2,116.6,101.8,0,98.2,106.6,105.0,1
100.6,110.7,94.7,1,108.2,101.2,101.3,0
108.2,113.5,97.4,1,112.8,118.2,103.6,1
111.4,112.0,103.2,1,124.1,96.0,97.8,1
99.8,107.6,105.1,0,107.2,109.8,96.4,0
111.3,105.7,100.7,0,116.2,116.5,109.0,0
111.0,106.2,101.4,0,104.7,101.8,95.5,0
107.4,104.2,93.8,0,116.9,97.3,99.6,0
112.2,111.3,96.5,1,113.5,99.1,99.6,1
110.8,107.8,95.5,1,109.2,109.5,98.6,1
106.1,127.4,100.9,1,109.2,109.7,98.3,1
113.9,114.5,98.6,1,109.7,104.9,106.7,1
111.4,118.6,106.0,0,109.2,105.0,100.6,1
113.4,117.6,104.7,0,96.7,115.1,98.0,0
110.7,106.6,97.6,1,112.0,110.0,92.9,1
114.9,110.2,102.3,0,105.5,105.8,105.5,0
99.5,111.8,102.8,0,105.0,119.1,99.5,0
108.6,112.9,103.9,0,101.9,113.7,100.5,0
116.5,98.8,100.1,1,107.9,110.3,93.3,1
110.9,117.4,103.5,0,113.7,112.7,101.4,0
116.9,103.4,98.5,0,119.8,101.7,99.5,1
108.7,108.3,99.5,0,105.9,99.0,101.4,1
97.6,101.9,99.8,1,118.8,99.2,98.9,1
112.2,98.8,97.2,1,114.7,111.8,106.1,0
110.5,109.7,99.0,0,110.6,103.8,99.1,0
106.1,95.3,95.2,0,105.7,122.4,98.7,1
106.8,112.6,97.8,1,112.3,105.8,97.1,1
111.3,114.0,102.9,1,115.5,103.0,96.4,1
108.8,107.0,91.2,1,105.0,109.7,101.6,1
118.8,102.5,99.2,1,111.0,113.6,98.6,1
113.8,111.2,97.0,1,110.3,114.8,104.2,1
121.0,101.3,98.9,1,107.2,111.2,96.8,1
107.9,109.0,92.8,1,105.9,109.0,97.3,1
124.1,104.2,101.5,1,100.2,117.4,106.2,0
119.0,109.1,99.6,0,111.3,108.7,100.9,0
115.4,108.6,99.1,1,104.0,124.9,100.1,1
117.0,105.8,97.7,1,101.7,112.6,104.2,0
104.1,110.9,101.4,1,110.9,111.0,95.8,0
96.9,111.1,103.2,0,111.7,113.9,99.6,0
109.7,109.5,96.1,0,106.4,122.3,96.4,0
97.8,109.8,96.3,0,106.2,106.6,98.8,1
107.3,113.1,97.3,1,115.7,98.3,97.6,1
100.5,112.0,105.9,0,114.7,101.0,99.2,0
117.2,118.5,105.4,1,114.0,110.8,99.6,1
120.1,99.4,99.6,0,95.9,107.0,103.5,1
108.4,105.9,101.3,1,110.8,105.0,100.8,0
104.7,100.4,98.2,1,105.7,99.5,104.6,1
102.0,110.7,97.1,1,109.9,105.0,99.5,0
100.3,112.6,103.1,1,109.8,111.8,98.1,1
115.8,113.0,103.3,0,108.8,111.0,97.3,1
107.2,112.7,94.0,1,117.9,108.7,97.4,1
104.4,119.5,105.9,0,95.0,101.4,107.0,0
104.1,100.4,101.1,0,113.0,116.1,104.2,0
111.9,108.7,97.7,1,112.7,113.8,104.2,0
99.0,103.5,107.2,1,102.1,112.2,100.8,0
100.8,107.3,101.5,0,113.2,119.8,102.0,0
98.8,101.5,94.7,1,104.7,106.1,105.1,0
109.6,109.9,100.9,1,102.6,102.0,99.9,1
117.0,107.4,97.5,1,101.6,105.3,103.5,1
104.1,108.1,105.7,0,99.4,118.5,104.2,0
105.7,109.9,103.9,1,115.3,106.1,99.8,0
108.8,121.5,99.1,0,103.0,112.1,103.9,0
104.3,98.4,102.4,1,95.7,115.9,105.0,0
116.4,108.2,96.0,1,113.4,106.6,95.4,1
105.0,108.2,96.9,1,99.9,113.9,104.5,0
99.5,116.9,104.1,0,96.4,101.7,104.9,0
113.9,105.3,101.8,1,109.7,102.4,105.2,1
98.9,116.2,105.1,0,104.2,109.1,95.3,1
107.3,102.3,105.8,0,121.3,103.5,97.0,1
106.4,104.5,102.8,1,113.0,108.7,98.5,0
100.1,116.1,105.7,1,122.9,101.1,99.2,0
109.0,101.9,103.3,0,105.8,105.5,99.8,1
104.1,104.8,101.1,0,111.1,105.1,102.4,0
107.4,106.8,99.5,1,116.2,101.1,102.2,1
108.4,108.7,100.8,0,101.6,104.9,99.2,0
113.6,119.2,102.3,0,98.7,115.3,107.6,1
123.1,98.5,97.5,1,113.0,100.2,90.8,1
104.7,110.1,104.8,1,113.5,112.4,96.7,0
112.7,116.4,96.6,0,100.5,98.5,103.6,0
111.8,110.4,102.8,1,108.5,115.4,93.8,0
101.9,115.4,102.4,1,105.3,109.5,100.7,1
105.8,107.1,102.3,1,101.9,120.5,98.0,0
105.1,103.3,94.1,0,105.7,96.9,95.3,1
111.9,109.1,97.0,0,100.5,107.4,106.9,0
106.0,107.4,96.3,0,113.2,107.5,89.2,1
101.3,112.4,96.3,0,97.0,107.4,99.2,0
115.4,119.9,103.0,0,100.3,112.9,103.5,0
113.1,122.8,99.5,0,99.0,110.2,95.7,0
114.2,123.6,100.1,0,107.3,95.0,102.7,0
120.1,100.8,97.1,1,112.2,108.9,101.9,1
113.6,110.2,98.3,0,105.6,103.1,104.2,0
113.5,99.9,100.1,0,127.4,101.2,101.7,1
102.4,101.1,100.5,0,117.3,103.0,99.9,0
100.4,113.7,96.7,1,108.7,108.7,99.4,1
124.8,101.7,100.0,0,98.3,117.0,104.2,1
116.2,108.5,98.6,0,108.7,104.8,102.4,0
104.1,102.6,102.4,1,117.5,113.6,104.1,1
105.8,108.8,100.3,0,109.9,110.1,98.6,0
109.8,104.2,93.7,1,100.4,109.5,103.7,1
107.7,103.1,94.7,0,102.8,99.3,102.1,1
112.4,100.7,97.1,1,112.3,120.4,101.1,0
110.8,97.2,98.3,0,102.1,119.2,93.3,1
97.5,99.3,103.0,0,108.2,127.1,98.6,1
108.1,103.6,90.9,0,101.6,110.0,98.3,1
125.7,101.5,99.0,0,111.9,111.0,98.2,0
122.5,101.0,97.6,0,114.7,108.9,101.7,0
104.4,107.2,104.6,0,115.4,119.4,105.3,0
99.9,114.0,104.2,1,97.2,103.2,101.6,0
118.9,94.0,99.7,1,110.2,104.0,94.4,1
104.3,110.5,100.5,0,103.9,104.5,106.9,1
111.4,110.4,96.2,1,109.1,108.3,95.6,1
108.3,124.9,99.8,1,115.5,108.6,106.5,1
105.2,104.9,102.8,0,111.8,108.8,97.8,1
111.9,125.5,96.3,0,110.9,100.8,107.0,0
106.9,103.5,93.8,1,102.8,101.1,102.8,1
118.1,99.1,99.5,1,107.8,121.2,100.0,0
110.3,114.3,99.5,0,115.3,107.2,96.8,0
105.2,104.4,98.3,1,119.9,94.7,97.0,1
114.0,95.9,94.8,1,105.3,109.3,94.9,1
110.7,107.3,91.5,1,102.4,111.6,95.3,0
103.0,106.6,96.1,0,118.9,110.9,105.5,1
103.7,105.5,99.5,0,109.7,110.6,95.3,1
110.4,114.9,100.3,0,109.0,108.9,97.6,0
100.3,107.1,105.1,0,102.5,101.5,103.4,0
117.7,115.1,101.8,1,103.5,106.5,99.5,1
114.2,117.1,103.8,0,119.5,107.5,97.7,1
98.3,115.6,104.7,0,105.8,110.3,94.0,0
93.8,112.7,98.0,0,105.0,106.9,103.0,1
116.2,112.1,105.7,1,110.2,111.3,95.3,0
118.2,104.2,99.5,1,109.6,96.9,101.7,1
113.6,106.4,99.8,1,113.7,99.1,97.8,1
102.3,107.9,99.8,0,99.4,119.1,97.6,0
109.8,112.3,101.0,0,109.1,104.6,103.0,1
115.7,113.0,96.5,0,109.0,120.5,104.1,1
107.3,102.9,100.8,0,118.3,113.6,102.1,0
106.9,100.8,104.1,1,113.2,110.8,101.4,1
107.8,119.3,99.2,1,107.6,112.8,96.2,1
99.0,101.6,98.6,1,113.2,111.3,100.3,1
118.1,111.7,103.5,1,100.0,108.1,97.0,0
111.5,107.9,99.2,0,115.0,108.9,92.4,1
120.7,102.9,97.9,1,112.5,102.0,99.4,1
110.5,100.6,101.3,1,113.6,112.1,99.3,1
112.9,104.4,93.3,1,117.4,112.4,106.7,1
111.7,105.4,95.9,0,111.0,99.9,104.8,1
107.6,107.7,94.7,0,109.5,107.5,100.5,0
115.0,105.4,101.3,1,109.0,105.9,102.3,1
97.4,112.6,99.6,0,107.6,100.5,102.3,0
99.1,113.5,93.5,1,110.8,109.5,99.8,0
110.4,109.9,90.2,0,98.1,114.8,104.1,0
108.6,110.6,100.7,1,109.4,105.3,105.3,0
108.9,109.0,94.4,1,103.3,104.9,105.6,1
119.6,100.3,98.3,0,110.8,102.7,106.2,1
114.1,109.8,91.6,1,106.0,108.9,98.4,1
102.9,111.2,102.5,0,113.3,108.5,99.8,0
112.7,95.2,94.1,1,101.1,111.8,103.1,1
109.2,106.5,98.0,1,103.0,107.1,101.5,0
114.4,115.3,97.7,1,111.4,106.5,97.0,0
96.7,110.7,105.1,0,102.3,121.0,99.0,0
104.3,105.7,102.6,1,102.9,100.4,101.6,0
119.1,115.6,104.2,1,105.9,103.9,99.8,1
106.8,100.5,103.1,1,94.7,102.0,97.8,1
106.3,105.1,93.3,0,118.9,112.0,101.6,1
113.4,111.7,98.3,1,112.0,107.4,103.3,1
110.9,117.7,105.1,1,115.3,113.4,96.3,0
97.9,103.5,102.1,1,100.9,117.4,103.7,0
109.7,100.9,95.0,0,114.4,106.8,104.2,0
112.5,98.4,96.9,1,105.7,118.4,100.4,0
101.0,102.8,101.3,0,122.3,106.9,98.0,0
103.0,110.5,104.6,1,108.2,115.3,97.4,0
100.8,102.5,102.4,1,102.8,110.7,101.1,1
104.9,103.7,99.2,1,120.6,108.8,103.0,0
120.6,98.6,100.4,0,99.9,112.1,104.3,1
106.0,121.2,99.8,1,107.7,106.4,103.4,1
110.0,110.3,100.6,0,110.4,99.6,100.7,1
103.9,107.0,108.2,0,106.9,125.3,97.9,0
113.8,104.0,90.1,1,109.5,101.3,98.1,1
102.2,123.0,96.7,1,104.0,113.8,103.1,0
117.6,105.5,95.9,0,118.3,103.7,97.1,1
114.3,116.6,101.3,0,110.1,115.3,95.2,1
102.2,112.6,95.5,0,103.1,106.3,99.5,1
109.6,96.2,98.6,1,97.3,111.2,103.5,1
106.1,116.9,97.8,1,112.8,116.0,96.9,1
121.0,105.7,98.5,0,105.9,101.0,102.4,1
99.3,118.3,106.8,1,120.6,105.2,99.2,1
106.1,108.7,92.4,0,103.8,119.5,97.9,0
117.1,99.7,99.8,1,100.6,117.4,95.7,1
114.6,109.1,92.0,0,105.7,117.6,97.8,0
106.1,107.3,104.6,1,97.2,105.7,104.1,0
116.4,119.0,104.8,0,104.8,100.2,105.4,1
111.0,111.5,97.9,1,110.1,112.0,99.6,0
104.8,110.9,93.8,0,111.7,104.4,103.3,1
106.3,100.4,102.6,0,111.3,99.7,98.2,1
110.0,105.2,101.2,1,119.2,105.6,98.6,1
115.1,107.1,104.7,0,118.7,104.2,98.7,1
118.9,111.3,95.3,0,99.9,105.4,104.1,1
101.0,116.8,102.8,0,107.7,123.9,91.9,0
105.0,116.5,103.1,0,117.0,96.7,97.5,0
100.4,107.3,103.3,1,110.2,110.9,97.6,0
105.3,123.7,100.0,0,97.0,104.7,100.4,0
110.3,114.7,99.4,1,99.4,101.2,104.5,0
108.8,109.8,93.4,0,106.9,115.5,96.6,0
113.9,111.4,104.2,1,108.5,105.2,101.1,1
98.2,117.0,103.9,1,121.1,103.9,96.0,1
106.1,112.4,98.2,0,103.3,98.2,98.3,0
109.9,116.1,100.4,0,95.8,104.9,105.9,0
110.5,101.3,106.8,1,107.8,127.2,99.7,0
97.8,103.0,102.8,1,117.0,105.4,102.9,0
110.9,103.5,100.4,0,107.2,106.3,99.8,1
106.5,102.7,102.3,0,111.3,117.6,101.7,0
116.7,122.4,104.8,1,109.8,112.5,103.8,0
103.5,110.4,99.2,0,117.8,104.1,100.7,1
116.2,99.1,96.5,1,104.0,97.9,101.5,1
109.4,107.7,97.2,0,105.7,104.4,101.7,0
106.2,105.7,104.2,1,122.8,105.2,97.9,1
107.7,106.1,91.3,0,107.8,121.3,96.7,0
113.0,116.5,106.4,1,102.3,109.0,103.0,0
116.9,104.9,99.4,1,118.0,103.6,96.1,1
100.1,117.6,102.9,0,111.8,107.2,98.6,1
120.7,107.6,98.2,0,97.0,101.8,104.1,1
114.6,121.2,105.0,1,114.2,107.5,104.0,0
104.4,104.6,93.0,0,111.4,96.5,99.5,1
107.7,102.0,102.0,1,107.0,110.7,92.5,0
102.9,104.3,98.7,1,113.5,120.2,104.1,1
109.1,123.2,97.5,1,103.7,109.5,98.0,1
116.9,102.7,93.3,1,117.9,123.6,103.1,1
110.7,123.1,106.0,0,109.9,109.2,100.0,0
110.7,125.2,97.5,0,97.3,96.2,100.3,0
115.3,110.8,90.2,0,97.0,98.0,103.9,1
112.2,110.7,92.4,1,109.0,109.6,97.5,1
104.7,97.7,104.1,1,118.3,104.9,100.3,1
110.3,109.7,96.6,0,99.8,113.5,99.2,0
108.5,104.5,103.5,0,117.5,101.3,97.8,1
117.9,104.8,98.3,0,113.4,109.3,103.9,0
119.5,100.5,100.1,1,116.2,111.4,94.0,1
113.9,105.3,94.1,0,113.8,102.1,95.1,1
112.8,117.3,103.3,0,110.2,111.6,96.1,0
111.4,107.9,95.3,0,103.7,115.6,96.5,0
107.0,105.9,100.9,1,105.1,108.6,96.3,1
100.7,103.8,105.0,1,104.0,105.6,101.8,1
113.4,113.9,103.6,0,100.1,108.4,106.3,0
107.1,110.1,93.3,0,109.1,106.4,93.0,0
107.1,104.8,102.9,1,112.1,112.7,94.9,0
101.7,113.6,105.6,0,110.2,103.9,97.1,0
112.1,100.6,100.9,0,104.2,106.7,102.7,1
106.9,108.8,102.7,0,113.3,108.3,98.9,1
107.9,111.5,93.5,0,115.5,102.1,100.8,0
118.0,104.0,102.4,0,95.6,115.2,105.2,0
109.8,101.8,102.9,0,119.4,101.6,99.3,0
111.7,106.3,95.7,0,99.1,115.0,103.7,1
108.7,108.2,100.6,0,105.8,107.6,91.3,0
106.1,106.7,98.7,1,115.7,98.1,98.7,1
116.6,114.3,103.7,0,99.3,101.7,105.8,1
108.0,108.7,101.0,0,112.7,112.2,106.3,1
98.1,104.4,101.1,1,118.7,99.3,97.3,0
98.8,113.0,99.1,1,115.7,102.6,98.7,1
113.1,110.5,95.4,0,104.2,101.8,97.3,1
103.7,107.5,102.1,1,110.8,114.9,95.0,0
104.6,110.4,94.8,0,110.1,112.9,99.5,1
102.8,112.3,100.0,1,112.9,101.5,92.5,0
114.6,111.4,101.5,0,110.7,110.3,93.7,1
110.5,109.5,101.9,0,104.8,99.2,104.0,1
111.2,107.4,91.2,0,112.0,111.3,103.8,1
111.4,112.0,94.3,0,102.1,116.8,106.0,0
115.0,105.3,100.3,1,113.3,116.1,96.9,1
107.9,112.8,96.5,0,101.9,112.8,104.9,1
103.4,111.0,93.2,0,106.8,122.8,96.5,0
110.2,110.4,94.3,0,103.9,110.8,102.6,1
122.2,104.5,98.6,0,123.3,104.8,96.9,1
116.6,111.4,102.0,1,108.7,112.5,97.3,1
111.4,105.6,92.2,1,122.6,105.5,98.6,1
111.3,110.0,101.9,0,119.6,111.9,93.8,0
107.0,106.1,102.2,1,108.5,119.3,103.7,1
113.5,112.5,92.5,1,111.2,112.3,101.0,1
108.8,117.7,96.6,1,105.4,102.2,101.9,1
111.5,107.4,102.2,0,107.2,112.9,90.5,0
115.6,105.1,92.6,1,101.8,97.1,101.2,1
105.9,113.3,97.1,0,109.1,107.3,99.2,0
109.9,110.0,102.6,1,109.4,119.5,96.0,0
107.7,111.5,100.1,1,108.6,110.8,98.3,1
109.4,104.5,101.4,0,109.9,107.0,92.9,0
113.1,108.6,101.1,0,103.2,114.5,101.7,0
110.6,110.6,101.6,1,112.8,111.9,98.0,1
111.3,109.8,104.0,0,122.5,103.6,95.6,0
109.9,109.8,97.1,0,95.0,106.2,98.0,0
104.5,106.8,100.7,1,115.1,111.5,98.6,1
110.4,111.2,102.3,1,106.3,106.4,105.0,1
115.8,104.6,93.7,1,109.7,103.5,100.2,0
95.9,111.0,101.8,1,106.6,121.5,99.0,0
118.0,112.2,104.0,1,108.2,111.3,100.2,1
106.5,107.9,101.5,0,96.9,106.4,98.0,0
112.6,111.1,99.6,0,105.9,106.1,95.5,0
108.6,94.5,98.3,1,114.8,100.0,96.2,1
111.1,121.6,104.7,1,105.6,111.7,95.9,1
114.8,109.6,102.7,0,93.7,109.7,103.7,1
108.8,106.0,94.2,0,105.7,116.3,97.9,0
112.8,106.8,95.0,1,112.1,109.5,91.6,1
106.0,103.5,95.7,0,101.3,112.1,104.2,0
117.8,108.3,95.5,0,110.1,106.1,102.9,1
109.2,103.6,100.6,1,110.7,110.1,99.3,1
99.6,114.9,105.3,0,105.7,105.6,102.6,0
103.8,110.7,95.3,1,98.0,109.3,104.2,0
108.4,109.0,101.1,1,108.4,114.4,99.4,1
105.8,115.8,97.5,1,112.4,115.6,105.2,0
110.9,112.1,96.9,1,98.1,112.7,95.0,0
110.2,114.3,96.6,1,100.0,114.9,103.5,0
93.4,97.2,102.9,1,109.2,106.6,101.2,0
108.6,109.2,95.5,1,112.2,98.9,99.6,1
97.4,103.3,100.1,1,104.8,101.4,100.9,1
116.4,114.9,105.5,0,106.8,106.3,102.9,1
111.4,110.6,95.8,0,112.1,109.9,101.6,0
108.6,106.5,100.2,0,116.7,119.8,103.3,0
114.7,108.9,97.1,1,121.0,98.5,99.3,1
114.0,111.4,95.6,1,106.8,106.9,92.5,1
98.6,102.4,103.0,1,111.2,110.2,97.3,1
112.0,107.1,93.1,1,108.2,120.8,101.6,1
114.3,96.7,97.4,1,111.3,109.8,89.9,1
110.9,110.6,90.6,1,122.2,101.0,97.1,1
107.5,107.7,102.5,0,104.9,105.9,100.3,1
111.9,102.3,99.1,1,113.6,111.0,107.6,1
104.9,109.2,103.7,0,109.3,107.9,95.2,1
107.8,110.7,103.8,0,111.1,119.5,102.2,1
100.0,107.5,96.9,1,101.7,111.7,101.9,0
98.8,109.1,101.9,0,109.2,107.0,102.9,0
95.8,103.0,101.9,1,113.6,109.1,102.6,1
116.1,110.2,91.4,0,100.6,105.9,97.2,1
101.5,120.4,106.1,0,114.5,110.9,97.9,0
109.4,108.0,96.9,1,109.8,108.2,99.4,0
102.6,101.2,99.8,1,106.6,96.6,98.9,0
108.1,106.7,101.8,1,96.6,114.7,101.1,1
99.3,109.0,105.4,0,105.6,110.8,95.7,0
113.5,94.9,102.0,1,96.8,113.0,104.1,0
111.1,106.7,105.3,1,119.6,98.1,94.5,1
109.5,109.5,99.3,1,108.8,106.1,103.0,1
104.0,102.1,101.3,1,112.5,108.3,103.4,1
115.5,110.0,104.2,0,118.0,102.5,94.7,1
100.2,103.6,103.3,0,97.3,114.2,104.0,0
102.9,108.2,97.5,0,117.3,112.3,100.7,0
101.3,102.7,104.6,0,114.9,91.8,100.2,1
112.1,107.9,90.9,1,108.1,98.9,97.2,1
101.5,109.3,95.0,1,110.9,109.6,102.5,1
115.6,109.3,102.6,1,110.0,111.0,101.6,1
120.6,97.7,95.3,0,109.6,104.4,97.0,1
107.5,95.4,103.4,0,98.1,103.4,103.5,1
104.4,123.8,100.6,0,115.2,101.5,98.1,0
110.6,114.6,102.8,1,113.3,113.3,105.6,1
108.8,103.7,103.8,1,106.0,101.7,101.8,0
110.1,97.6,99.3,0,115.6,106.0,96.9,1
111.9,106.4,94.9,0,113.5,104.0,95.8,1
105.8,120.8,99.0,1,110.9,114.0,97.5,0
105.7,104.0,104.5,0,108.8,107.2,95.4,0
97.0,109.8,98.9,1,106.4,108.3,106.6,0
121.7,101.7,96.2,1,103.0,106.9,101.5,0
109.5,123.5,107.2,1,108.5,106.1,100.9,0
114.5,108.1,94.2,1,117.2,119.2,104.5,1
119.9,102.3,98.5,1,111.1,103.5,99.7,1
102.5,110.6,93.8,0,109.3,116.5,98.5,0
107.5,111.6,95.2,0,114.9,117.9,104.3,0
112.9,116.4,102.3,0,103.4,105.5,102.2,0
112.8,108.2,102.4,1,104.6,101.0,102.9,1
115.4,99.3,99.9,1,110.7,104.8,101.7,1
112.5,108.5,99.6,1,98.1,116.1,105.2,0
111.0,95.1,98.3,0,103.6,99.4,106.1,1
115.6,109.0,105.9,1,115.3,109.5,90.7,1
101.6,105.7,97.2,0,103.3,100.7,99.4,0
106.0,111.7,98.1,1,114.6,108.0,100.6,0
115.8,107.9,93.8,0,98.7,100.8,100.3,0
102.3,100.7,100.6,0,102.0,109.0,103.5,0
110.6,112.9,102.1,1,116.7,100.9,94.9,1
108.2,106.9,102.5,1,102.4,110.4,97.4,1
117.6,108.9,99.9,1,111.5,113.0,96.6,0
101.0,107.3,106.0,0,108.7,109.2,99.6,1
108.5,118.4,98.3,1,109.8,103.6,102.3,0
105.8,102.7,90.9,0,116.9,103.0,93.5,1
114.8,109.5,99.6,1,112.3,106.3,93.8,0
100.5,114.4,105.7,1,121.8,102.1,98.9,1
115.9,119.7,101.0,1,110.7,115.9,92.1,0
101.2,114.3,106.5,0,98.6,106.6,106.7,0
106.9,125.4,101.0,0,117.6,105.2,92.3,0
109.0,116.5,103.2,1,104.6,110.2,99.2,0
105.4,106.7,96.0,0,113.5,107.9,99.8,0
101.5,105.5,104.5,0,104.9,104.8,98.7,0
105.4,105.9,102.8,0,112.5,119.4,104.0,1
106.2,97.9,108.1,1,99.4,105.8,100.2,0
115.4,97.3,94.8,0,112.3,105.9,101.8,1
99.1,101.6,104.9,0,101.4,103.3,95.7,0
119.4,98.4,100.4,0,111.5,115.3,94.0,1
99.2,111.7,100.7,1,103.8,108.4,98.5,0
108.2,102.0,101.0,1,100.4,116.3,102.3,0
105.2,107.8,103.2,1,113.6,112.0,105.6,0
104.8,126.1,104.9,1,110.8,103.7,97.9,0
96.1,117.4,105.1,1,107.1,110.0,98.6,0
110.0,109.7,105.6,0,121.7,102.4,98.8,0
97.4,111.9,103.9,0,105.3,100.3,102.0,0
110.2,122.8,102.8,0,116.5,102.8,97.3,1
113.7,98.5,100.0,1,110.2,108.0,93.7,1
100.6,110.9,105.7,1,103.1,111.8,96.6,0
112.8,113.5,99.2,0,118.3,104.0,98.5,1
106.7,117.9,100.4,0,118.5,101.4,97.8,0
107.1,111.2,98.1,0,104.6,106.6,97.2,0
110.5,103.7,104.3,1,120.7,103.2,100.6,1
99.5,104.8,104.1,0,99.7,110.8,103.6,0
106.6,113.2,96.9,0,97.6,100.0,103.5,0
107.7,104.7,100.1,1,114.7,112.6,99.3,0
122.5,99.5,98.5,1,92.8,106.7,105.1,1
119.8,101.3,95.5,0,110.8,109.6,101.5,0
98.8,110.1,95.0,1,103.4,106.5,102.0,1
105.6,112.5,95.5,1,107.3,100.4,107.0,1
115.4,106.5,102.5,1,111.4,109.0,101.8,1
112.6,111.6,103.1,1,110.7,108.8,100.6,1
126.0,103.1,95.8,0,101.4,115.5,99.1,0
107.2,107.7,99.8,0,98.3,101.2,105.0,0
100.5,100.9,103.6,1,104.0,112.2,102.2,0
107.0,103.1,103.6,0,93.5,99.2,102.2,0
112.2,120.4,104.9,0,102.4,105.5,101.1,0
114.7,121.2,101.1,0,100.1,106.2,103.9,0
106.3,111.6,96.6,0,107.9,107.0,104.3,1
113.3,107.6,95.1,0,99.6,107.5,103.7,1
105.2,97.9,103.5,0,120.3,100.5,98.0,1
115.2,97.4,93.5,1,92.5,115.0,105.2,1
106.7,105.9,101.2,1,107.5,106.2,104.0,1
115.2,112.3,105.4,0,110.1,106.4,95.8,0
110.9,112.5,97.7,1,108.5,112.4,100.6,1
105.0,99.2,101.6,0,108.8,110.4,100.0,0
106.8,99.3,103.3,0,105.4,116.9,97.0,1
108.4,122.1,99.2,1,122.6,104.2,95.8,1
118.8,117.4,100.2,1,99.5,102.2,104.8,1
119.8,100.5,100.4,1,111.7,109.4,96.9,1
103.5,106.7,104.9,0,104.9,104.4,102.6,0
118.5,109.3,102.1,0,120.8,99.0,101.3,1
114.2,111.6,97.5,0,105.2,110.8,100.3,1
99.5,105.6,103.3,0,111.1,103.9,96.1,0
106.2,116.0,104.1,1,106.1,108.9,105.8,1
114.3,106.4,105.4,1,104.7,99.9,104.8,1
109.5,113.5,98.1,1,119.5,103.0,96.5,1
105.4,109.8,105.9,0,109.0,98.7,99.9,0
93.5,114.9,104.4,0,113.0,121.8,94.9,0
109.3,108.9,94.6,1,114.1,111.3,102.3,1
105.5,109.4,101.7,0,123.3,96.3,97.1,1
105.6,104.9,102.2,0,108.2,107.4,93.2,0
102.4,112.0,107.5,1,110.7,108.6,101.8,1
122.8,109.0,96.9,1,117.0,114.3,98.6,1
109.5,109.9,97.4,1,101.6,112.5,104.0,0
105.4,111.2,103.4,1,105.9,111.3,101.4,0
114.8,112.0,99.8,0,102.2,113.0,96.3,0
109.5,96.3,94.9,0,105.2,112.5,103.0,0
114.9,117.6,99.9,0,107.9,107.2,99.2,1
115.7,119.2,102.9,0,98.7,109.8,103.9,1
112.5,104.0,100.7,0,110.1,100.6,104.0,0
110.2,107.2,100.3,0,108.4,112.6,106.4,0
95.7,103.2,103.4,1,110.5,122.7,101.0,1
106.7,109.2,103.7,1,107.3,107.0,95.6,0
101.4,108.2,102.8,0,100.6,101.7,101.8,1
107.1,111.6,96.9,0,123.3,103.4,96.7,0
110.6,107.0,104.2,0,102.6,111.0,98.8,0
101.3,103.2,101.9,1,118.4,98.7,101.7,1
108.5,103.1,93.7,1,113.9,99.2,98.6,1
109.1,114.3,98.3,1,104.6,101.8,99.4,0
101.5,109.6,104.5,1,112.4,119.8,106.1,1
96.6,104.4,101.6,0,110.6,96.4,100.3,1
102.1,100.8,104.1,1,107.1,108.4,101.8,0
96.7,110.7,108.1,0,107.3,123.0,98.5,0
105.1,105.9,100.9,1,119.3,111.3,101.2,1
105.6,122.4,101.7,0,111.2,116.0,100.7,1
113.4,109.6,97.9,0,102.7,109.8,102.6,0
105.2,107.1,101.7,0,106.3,130.6,97.9,0
114.6,117.8,98.1,0,110.6,104.0,101.2,1
109.6,122.0,106.9,0,110.6,107.5,101.2,0
104.1,101.3,100.8,1,100.5,107.2,106.8,0
119.3,103.2,101.0,0,114.4,116.7,101.7,1
117.9,111.1,106.0,0,108.5,108.1,100.4,0
113.8,113.8,103.5,0,110.9,122.1,103.6,0
121.9,108.7,99.4,1,105.3,106.8,104.4,1
117.0,98.5,95.5,0,113.9,105.7,96.6,1
107.6,101.8,98.8,0,112.2,113.4,101.2,0
100.0,108.1,101.5,0,121.2,99.0,99.5,1
115.2,121.1,96.9,1,112.2,114.7,100.9,1
105.4,102.1,102.6,0,104.1,112.8,97.7,0
109.5,108.4,99.4,1,94.9,115.3,98.3,0
102.3,110.2,98.1,0,94.3,101.1,101.0,0
109.1,98.6,106.4,1,107.1,110.1,98.6,1
105.7,107.6,102.1,0,109.8,115.3,103.4,1
118.4,105.6,99.9,0,98.4,114.5,100.7,0
108.6,110.4,98.4,1,111.6,112.7,103.7,1
100.3,109.5,103.0,0,103.5,107.7,103.8,0
103.8,113.9,102.5,0,115.6,109.1,102.0,0
99.8,118.4,106.3,1,105.8,109.4,94.0,0
103.6,112.6,95.4,1,101.8,106.2,101.3,0
99.9,109.8,103.2,1,101.5,120.3,101.4,0
108.7,115.8,103.7,1,104.1,115.0,101.7,0
97.7,101.5,104.8,1,112.4,107.9,96.5,1
103.0,105.2,97.8,1,107.6,99.7,103.7,0
120.0,101.1,99.9,1,100.2,101.2,101.7,1
110.2,105.3,101.7,0,113.1,96.3,98.6,1
121.0,103.7,99.4,0,102.0,115.0,105.8,1
104.5,110.3,91.5,0,123.3,102.4,96.1,1
116.9,111.1,89.5,0,113.3,113.2,105.3,0
106.4,107.6,96.1,0,110.0,98.5,98.1,1
108.1,106.5,99.0,0,113.5,116.5,106.2,0
113.4,101.6,88.6,0,117.0,101.0,101.1,1
112.7,103.2,105.7,0,106.2,103.7,102.7,1
116.7,99.7,99.8,0,106.6,108.8,98.6,1
95.2,109.5,102.5,0,107.1,108.0,105.0,0
104.8,108.1,91.2,1,119.1,114.1,104.7,1
108.8,102.6,98.0,1,106.8,106.1,102.4,1
102.1,106.5,104.6,0,106.6,109.6,103.9,1
112.0,101.5,90.8,1,100.1,114.2,102.2,0
112.8,98.2,99.1,0,100.4,101.4,105.4,1
97.4,103.3,103.7,1,110.9,108.2,94.2,1
100.0,112.6,106.6,1,107.4,103.0,94.0,0
107.7,103.4,104.9,1,106.2,100.0,102.3,1
96.6,109.6,101.7,1,108.9,124.1,99.9,0
111.3,104.4,100.5,0,113.9,110.3,99.0,1
100.5,103.7,100.0,0,103.8,112.6,100.5,0
106.6,103.7,99.2,1,99.5,106.1,101.1,1
114.6,117.5,103.2,0,124.1,109.7,99.7,1
103.2,104.7,100.5,1,104.8,113.8,97.7,0
107.8,105.0,98.0,0,107.1,111.0,94.5,0
104.1,107.4,103.7,0,110.3,107.6,102.2,0
109.0,112.3,96.2,1,106.0,110.5,101.3,1
104.4,125.4,100.0,0,110.1,95.9,97.6,1
99.2,105.9,104.5,1,100.4,96.0,100.9,0
111.9,100.2,96.7,1,109.6,106.5,98.2,1
116.8,112.4,100.7,0,115.6,110.1,100.9,0
121.3,100.7,97.2,1,107.3,116.4,104.9,1
116.1,117.8,102.2,0,105.5,118.4,96.6,0
110.4,100.0,99.8,0,98.3,115.6,103.3,0
113.8,112.4,102.5,0,119.5,100.3,101.2,1
102.4,117.1,102.4,1,104.6,103.3,102.3,1
99.7,118.5,101.2,1,109.0,108.9,100.4,0
109.6,111.3,94.0,0,115.2,118.6,99.6,0
117.3,113.9,106.2,1,124.7,103.3,102.4,1
100.8,114.8,102.9,0,113.1,105.1,100.2,0
117.6,105.6,101.2,0,105.4,111.2,99.6,0
99.3,110.8,101.7,1,111.3,110.2,92.5,0
106.3,96.5,99.8,0,117.3,110.1,94.9,0
110.8,117.6,104.4,1,105.6,101.4,101.4,0
111.8,114.5,99.1,1,120.7,108.1,97.8,1
106.2,108.6,100.0,0,101.7,113.1,95.9,0
105.3,109.1,97.5,0,118.7,115.6,101.0,1
118.0,101.7,96.3,0,97.8,103.0,106.0,0
109.6,121.4,98.3,1,118.0,103.5,95.2,0
116.3,108.5,94.3,0,119.5,97.6,96.8,1
102.4,103.2,103.3,0,111.9,111.3,98.8,0
105.4,112.4,103.2,1,108.0,103.9,101.5,0
100.5,106.5,100.0,0,107.4,109.1,100.8,0
116.4,108.8,91.5,1,107.2,105.0,104.4,0
114.2,105.9,97.0,1,120.1,102.4,100.3,1
111.5,97.2,98.7,1,118.0,112.2,95.4,1
109.6,96.4,101.0,1,102.8,108.3,100.0,1
95.8,117.6,103.0,1,114.5,99.7,101.5,0
113.1,110.3,108.5,1,102.2,112.8,101.6,0
99.0,103.0,103.0,1,112.9,112.0,104.5,1
105.9,109.1,95.6,1,104.5,114.0,95.7,1
105.8,104.2,100.4,0,112.7,123.5,103.6,1
107.9,119.1,99.1,0,114.6,110.2,98.4,1
106.7,98.5,101.8,0,108.9,120.3,100.6,1
109.7,106.4,95.7,0,107.9,101.5,100.0,1
111.3,115.1,102.3,0,105.6,99.3,101.0,0
97.7,112.1,93.2,1,107.6,109.5,90.5,1
110.9,108.3,91.7,1,99.8,110.1,102.7,1
109.5,109.0,98.6,0,106.5,115.9,104.2,0
104.4,109.6,101.6,1,110.3,110.2,99.3,1
93.3,115.3,106.7,1,103.2,121.6,100.4,0
113.7,102.7,98.1,0,108.2,112.4,100.9,1
108.2,102.7,100.0,0,106.6,110.4,102.6,0
104.3,104.3,100.0,1,115.6,109.8,105.9,1
97.0,114.2,104.1,1,112.6,105.6,96.1,1
107.9,102.8,99.0,1,105.1,118.5,101.3,0
107.0,104.9,103.2,0,108.3,115.9,100.9,0
115.1,107.2,89.1,0,111.1,117.3,106.4,0
105.3,106.7,97.1,0,102.4,105.6,99.1,0
113.9,100.1,101.0,0,109.1,110.3,99.8,1
112.2,112.5,97.6,1,97.1,104.8,105.7,0
112.9,103.0,94.9,0,107.9,119.4,101.5,0
101.3,119.2,98.9,1,107.4,110.8,93.8,0
109.0,105.5,100.9,1,108.3,108.2,95.4,1
109.7,109.9,98.4,1,118.0,102.6,93.6,0
100.5,103.7,102.7,0,110.2,125.7,96.5,1
103.1,109.1,94.0,1,100.3,108.5,104.7,0
101.7,116.0,102.6,1,106.0,104.0,101.8,0
110.0,122.2,103.8,1,113.9,109.1,91.7,0
100.9,109.0,104.8,0,115.4,101.7,105.7,0
109.1,115.9,94.0,1,99.4,112.4,104.3,1
111.7,113.3,99.3,1,98.6,100.2,102.3,1
117.9,107.3,101.8,0,97.0,108.7,102.1,0
111.6,108.6,101.0,0,112.8,114.1,106.4,0
113.1,112.9,101.6,1,100.4,114.2,98.1,1
110.7,113.2,96.4,1,105.7,111.4,98.8,0
109.1,104.2,101.1,0,111.7,106.9,97.8,0
102.6,100.8,98.9,0,110.6,118.8,101.7,0
102.3,100.3,106.2,0,114.3,101.2,91.8,0
98.2,113.2,102.7,1,107.6,102.2,95.7,0
111.9,107.4,96.8,1,113.2,114.6,103.6,1
105.8,106.6,94.1,1,98.6,105.1,101.0,0
111.7,114.5,102.3,1,113.4,122.0,101.0,1
104.5,109.2,99.4,0,110.5,101.0,102.6,1
113.7,105.8,89.6,1,107.5,121.5,99.5,0
102.9,96.6,103.1,0,106.8,114.0,95.6,1
104.6,108.6,100.5,1,113.3,105.9,94.1,0
111.9,111.9,98.4,0,110.0,107.1,101.9,1
112.5,109.2,97.1,0,108.1,106.3,102.8,0
104.2,122.2,97.9,1,110.8,106.4,97.6,0
101.4,111.1,108.0,1,112.4,107.4,96.8,0
107.7,109.4,104.8,0,110.0,105.2,98.9,1
111.2,105.4,101.7,1,109.2,109.6,100.5,1
104.7,124.9,96.0,1,111.4,108.4,94.2,1
120.3,103.5,100.4,0,110.5,120.6,99.0,0
101.2,116.1,93.3,1,112.1,106.4,100.2,1
107.7,108.5,101.7,1,113.6,116.0,107.9,1
107.2,113.2,98.1,1,112.6,107.9,92.1,1
105.9,114.7,104.5,1,105.1,112.6,100.1,1
109.2,109.3,96.8,0,121.8,105.3,96.8,1
116.6,103.3,97.3,1,100.5,109.5,102.2,1
110.0,123.9,97.5,1,108.6,109.6,98.7,0
112.5,97.9,96.1,1,113.1,117.1,104.9,1
108.8,108.6,99.0,1,117.1,112.8,98.8,0
113.5,113.3,91.6,1,105.9,103.9,88.5,0
114.8,99.6,98.4,0,114.2,112.9,101.4,1
111.8,98.5,106.2,1,100.8,107.2,104.1,0
99.0,104.7,104.9,0,120.3,95.9,97.1,1
116.3,110.4,98.5,1,120.0,106.9,99.4,1
105.2,112.6,99.5,0,107.8,106.8,92.3,0
98.9,101.5,102.4,1,114.2,108.7,93.3,1
103.3,110.9,99.2,1,113.9,111.8,103.4,0
111.1,110.1,97.0,1,105.9,110.2,97.3,1
103.8,103.1,103.1,0,109.4,99.1,95.5,1
104.5,114.4,102.4,0,107.1,102.2,103.0,0
102.8,111.5,102.8,0,114.5,117.4,103.7,0
108.5,105.0,106.5,1,98.1,102.3,104.2,1
116.2,113.1,104.2,1,116.5,102.5,95.2,1
111.3,105.8,103.1,1,108.7,97.0,98.6,0
106.3,110.0,100.5,0,114.0,112.2,103.0,1
108.9,104.6,101.9,0,104.9,121.0,97.4,0
103.9,110.9,93.1,0,109.6,109.8,97.2,0
117.8,100.2,97.6,1,110.7,109.1,97.2,1
94.3,114.0,104.5,1,108.2,111.9,101.5,1
102.5,105.7,102.6,0,99.6,110.0,103.4,0
108.1,105.5,91.4,1,114.2,108.8,103.7,1
117.5,107.8,97.0,1,101.4,100.0,102.8,1
106.5,112.9,100.5,1,110.8,109.0,95.0,1
124.3,97.4,96.6,0,118.6,98.1,97.4,0
106.1,106.2,99.0,0,99.3,108.9,103.1,0
102.7,114.3,106.2,1,102.8,106.4,104.2,1
94.9,114.9,105.6,0,124.7,100.3,97.1,0
114.4,106.4,94.2,1,107.4,104.1,101.4,1
111.5,103.6,91.9,0,106.6,101.4,101.8,1
106.4,104.4,100.5,0,98.5,108.7,94.2,1
106.2,107.3,96.1,0,96.5,104.6,97.0,0
102.0,115.4,106.3,1,109.9,106.3,103.1,1
110.9,106.0,104.3,1,110.8,106.8,96.8,1
108.0,103.3,91.9,1,108.5,110.6,95.4,1
99.5,104.4,105.2,0,106.8,112.4,99.5,0
100.8,110.7,99.7,0,107.4,120.6,98.0,0
105.0,106.8,101.9,0,110.8,107.9,96.5,0
105.1,112.6,97.4,0,108.3,119.7,100.5,0
119.8,101.2,100.9,0,106.8,109.0,101.7,1
116.0,104.6,98.7,0,107.0,93.6,99.6,1
103.0,109.6,99.2,1,107.9,107.5,98.8,1
104.3,99.7,98.5,1,107.1,106.7,95.7,1
103.3,110.1,95.7,1,106.9,109.4,97.7,0
111.2,106.9,98.2,1,104.8,109.4,103.9,0
115.5,103.4,99.6,0,101.1,106.4,97.9,1
111.8,111.3,97.4,1,102.4,106.1,100.3,1
103.6,101.7,101.0,0,119.7,112.9,107.8,0
110.7,115.6,105.8,1,111.0,95.5,99.1,0
109.6,106.6,94.9,1,104.8,106.8,97.5,0
107.7,110.1,95.2,0,107.8,101.7,101.8,0
118.1,102.6,103.4,1,103.7,112.6,97.1,1
120.1,110.1,106.5,1,105.2,103.0,103.7,1
114.8,115.6,99.2,1,106.6,101.6,103.9,0
111.3,110.3,104.7,0,106.4,116.9,101.9,1
112.4,110.0,94.1,1,112.4,111.9,102.2,1
107.6,97.9,99.1,0,110.3,116.9,104.5,1
107.0,105.4,104.2,1,104.6,110.2,98.6,1
107.6,105.2,98.9,1,104.4,112.6,96.7,1
109.3,101.5,103.9,0,113.1,98.5,97.9,1
114.9,117.7,104.8,0,106.1,115.2,97.5,1
112.6,108.0,95.9,0,111.0,118.5,96.9,1
116.5,114.7,96.6,0,99.8,106.1,100.0,0
108.2,101.4,103.0,0,100.2,110.8,101.4,0
108.3,107.6,101.4,0,102.4,115.0,103.3,0
121.8,110.6,103.7,1,109.9,107.5,104.5,1
115.9,105.3,93.1,1,115.5,101.7,95.5,1
118.6,97.1,101.9,1,107.8,124.0,97.9,1
111.7,113.5,94.3,1,117.8,99.0,95.5,1
108.1,107.2,99.4,0,113.0,120.6,103.3,1
106.8,109.8,101.4,1,101.5,102.4,101.8,1
116.2,115.7,97.0,1,109.6,108.0,100.4,1
124.1,99.2,96.8,1,111.6,106.9,96.4,1
96.5,102.6,103.7,1,99.9,116.2,105.1,0
115.6,110.3,96.3,1,112.8,110.5,92.4,1
102.7,101.3,102.9,1,103.4,109.1,103.5,0
105.1,106.5,100.8,0,112.5,112.2,100.2,0
100.6,112.3,95.5,1,110.2,104.7,93.7,1
111.2,108.1,100.6,1,107.8,108.2,104.7,0
113.1,99.9,105.2,0,108.2,107.2,102.8,1
111.8,104.3,104.7,1,112.5,110.7,104.1,0
107.6,107.6,101.8,0,112.9,104.5,91.2,0
107.1,120.0,97.1,1,115.0,106.5,91.0,1
105.0,105.9,94.3,0,106.8,107.9,101.6,1
116.1,102.0,101.0,0,115.1,106.0,95.3,1
107.6,103.1,92.5,0,102.9,109.7,104.4,0
113.3,98.9,101.6,0,119.1,101.8,100.5,1
101.1,108.4,109.1,1,110.7,103.1,102.5,1
106.8,108.9,94.8,0,115.6,108.3,103.3,0
108.0,110.7,94.0,1,122.1,103.2,99.1,1
104.4,109.5,102.9,1,111.6,104.0,93.4,1
106.6,107.4,91.5,0,115.0,114.5,98.0,0
105.3,101.9,105.9,0,115.7,101.8,99.0,1
105.5,106.7,102.3,0,107.8,107.4,92.6,1
109.9,109.3,100.3,1,123.6,99.0,96.4,1
97.6,114.2,105.8,1,107.6,102.2,105.0,0
99.8,118.2,105.0,1,112.4,122.3,99.2,0
102.7,111.3,103.4,0,106.5,123.2,102.2,0
97.2,115.7,101.6,1,106.1,101.3,101.8,0
104.0,102.3,102.4,1,107.2,104.0,101.2,1
107.8,109.2,99.8,0,110.1,113.6,93.2,0
108.8,113.1,95.5,1,103.2,124.3,98.5,0
104.9,97.9,99.2,0,111.3,109.1,95.6,0
108.9,107.7,98.5,0,110.8,99.4,96.0,0
107.0,109.1,98.1,1,110.9,107.1,97.8,0
108.0,117.7,97.6,1,110.1,115.1,96.4,0
114.1,104.0,101.0,0,109.6,101.1,93.1,0
118.0,107.5,97.7,0,113.3,103.4,92.7,1
105.9,123.2,99.5,0,111.9,105.6,89.5,0
100.1,110.0,102.8,0,117.3,113.5,102.9,0
101.3,110.4,95.9,0,114.1,104.9,89.9,0
119.8,106.7,104.4,0,110.3,106.1,91.0,1
118.9,104.3,99.5,0,104.0,109.5,101.9,0
99.1,115.0,102.4,1,113.6,104.8,91.4,1
106.5,99.0,99.1,1,119.7,119.9,102.5,1
105.5,101.9,102.4,1,102.6,114.5,104.0,0
120.4,100.4,97.4,1,114.8,111.5,99.8,1
110.8,109.6,102.3,1,111.5,106.4,96.9,1
113.2,98.0,98.6,0,110.3,107.3,102.6,0
105.2,118.3,99.7,0,101.8,107.1,101.3,1
104.7,105.5,102.7,0,95.2,105.2,101.3,0
111.0,108.7,99.9,0,120.3,101.0,100.4,1
99.0,109.1,97.2,1,104.2,124.6,100.6,0
113.8,110.9,98.9,0,102.1,98.2,100.9,0
100.8,110.8,96.9,0,111.6,106.8,102.6,0
109.3,103.7,99.6,0,104.7,102.2,100.1,0
107.1,119.4,105.3,0,102.4,108.2,103.7,0
103.3,112.2,100.4,1,98.2,117.4,102.4,0
101.8,114.2,105.1,1,100.0,113.9,107.2,0
108.3,111.1,94.9,0,112.8,110.4,93.5,1
108.1,108.7,92.3,0,98.9,103.0,105.3,0
117.1,106.7,97.2,1,106.3,100.2,107.7,1
107.3,115.1,102.5,0,102.6,104.4,98.5,0
109.7,126.0,100.1,1,106.8,99.6,105.0,0
118.9,113.3,103.8,0,104.9,109.4,101.9,0
112.0,104.6,96.5,1,115.2,119.1,97.3,1
108.4,110.3,98.9,0,118.9,97.8,95.0,1
101.9,111.3,103.5,0,101.3,114.8,104.2,1
117.4,109.0,100.8,0,106.3,100.1,100.4,1
110.6,106.0,90.3,0,114.5,111.9,98.2,1
105.3,109.6,100.8,0,107.5,110.2,98.0,1
107.1,104.1,100.0,1,103.0,106.4,96.8,1
121.0,104.7,98.5,1,105.9,107.3,106.9,1
113.8,95.8,98.7,0,118.2,105.5,97.2,1
101.4,102.1,100.8,1,110.5,116.8,103.5,0
96.4,110.9,106.4,1,105.1,107.1,101.1,0
105.4,109.6,102.0,1,115.0,110.8,104.0,1
106.4,110.3,99.2,0,114.3,117.8,100.3,0
103.0,107.7,108.1,0,108.7,109.6,95.1,0
102.2,102.7,101.3,1,103.6,107.8,97.9,1
115.8,107.4,97.0,1,114.3,115.3,104.7,1
94.9,100.3,102.9,1,111.9,114.4,99.2,1
106.4,99.8,99.0,1,111.4,110.3,97.0,1
111.1,117.9,105.4,0,112.6,100.2,104.5,0
110.9,109.7,98.0,0,106.6,104.8,100.3,1
118.3,104.5,100.1,0,104.0,124.6,97.8,0
108.1,117.6,93.7,0,105.5,109.6,100.4,0
109.7,99.4,96.5,0,116.1,106.4,97.3,0
121.0,109.0,106.2,1,118.4,110.7,98.0,0
101.9,119.1,94.8,0,100.6,114.1,104.2,0
104.5,110.5,93.9,0,101.8,101.8,101.0,0
107.4,111.5,100.4,1,109.5,115.5,104.7,0
105.0,105.9,96.6,1,119.7,110.7,104.0,0
110.5,124.2,99.0,1,117.2,101.4,98.9,0
106.2,110.1,95.4,0,113.6,110.7,98.7,1
96.4,115.3,104.0,0,104.3,101.0,102.9,0
109.2,106.9,100.0,1,112.1,102.4,100.5,0
114.4,99.6,101.4,1,102.7,107.3,101.3,1
105.8,105.5,101.1,1,104.2,105.1,100.8,1
105.6,103.0,101.1,1,113.4,108.9,100.4,1
100.0,100.4,101.7,1,117.3,108.8,104.2,0
109.2,113.0,98.2,1,102.9,112.0,106.6,1
113.3,101.1,102.1,0,104.3,105.0,103.3,1
113.3,98.7,100.1,1,108.6,98.2,103.1,1
120.9,100.3,101.4,0,117.5,118.7,105.5,1
112.5,112.3,102.0,0,111.8,106.9,96.6,1
110.6,110.3,101.9,0,112.0,106.0,97.8,0
121.5,112.4,100.5,0,96.0,103.0,103.0,1
115.0,101.5,101.6,0,104.3,106.0,100.8,1
122.1,99.8,97.8,0,98.7,111.6,102.8,0
112.7,108.3,104.0,1,106.6,106.2,97.9,1
108.7,99.5,105.7,0,105.4,105.6,103.5,1
93.2,115.7,102.1,0,120.5,100.6,95.3,0
100.1,100.7,95.2,0,100.4,113.4,98.6,1
109.3,111.5,97.3,0,114.0,110.4,93.0,0
100.5,114.1,105.9,1,101.7,99.2,98.6,0
108.0,103.4,104.6,1,112.2,107.9,98.0,0
98.9,103.4,102.4,0,101.7,109.0,98.5,0
114.9,105.8,98.9,1,110.2,116.7,103.5,1
94.9,116.2,104.9,0,113.2,111.7,99.7,0
106.0,112.0,102.4,1,112.6,123.9,98.2,0
112.6,111.5,96.2,1,109.2,107.5,98.1,1
105.9,110.8,93.3,1,125.2,105.1,97.3,1
107.7,121.3,95.9,1,113.3,106.8,100.5,1
106.9,96.8,105.1,1,108.9,108.9,97.1,1
107.2,106.8,99.3,1,109.5,103.2,97.3,1
102.8,112.9,94.9,0,104.8,107.1,104.3,0
101.8,112.3,102.4,0,104.7,102.7,101.6,1
94.8,114.0,105.2,1,105.3,116.0,95.9,0
112.1,126.0,104.1,1,101.3,107.3,96.5,0
96.6,97.9,102.8,0,106.3,107.1,99.9,0
105.5,105.4,104.6,1,104.2,112.1,106.0,0
110.5,111.5,99.2,0,109.6,104.2,95.7,0
123.0,105.9,98.4,1,116.1,113.3,102.0,1
111.0,113.0,102.4,0,99.7,110.4,106.8,0
107.6,122.5,102.2,1,113.2,108.5,95.0,0
108.7,107.4,91.6,1,117.5,101.9,99.8,1
112.8,101.8,100.4,0,101.2,109.4,102.3,1
115.7,108.2,92.5,1,101.6,103.1,105.7,1
115.0,114.5,102.0,1,115.7,106.5,93.7,1
109.4,96.5,97.0,0,109.4,121.6,102.2,0
108.3,107.2,104.7,1,115.4,96.7,96.2,1
115.2,107.5,91.5,1,98.3,111.6,96.3,1
108.0,104.5,103.7,0,100.8,103.2,103.4,1
101.0,112.5,98.9,0,115.0,114.8,99.2,0
111.3,106.8,100.5,1,111.7,119.2,103.4,1
103.9,118.6,98.6,0,109.0,106.0,98.4,0
111.2,105.8,92.1,0,109.9,107.7,90.5,0
112.9,112.2,89.4,1,108.5,105.2,93.6,1
110.6,99.0,101.9,1,112.4,125.2,99.1,1
104.8,101.9,100.3,1,115.8,106.2,97.4,0
106.1,114.4,97.2,1,118.4,120.9,102.9,0
124.1,97.3,97.9,0,108.6,116.4,99.0,0
108.0,117.6,102.5,1,108.7,121.8,98.3,0
114.9,111.0,96.2,1,105.4,103.0,103.0,1
114.3,109.5,103.1,1,110.9,113.5,98.8,1
105.1,108.0,93.9,0,109.1,109.5,101.2,0
103.8,103.3,101.1,1,116.5,111.3,95.6,1
116.8,101.5,95.1,1,123.2,98.1,103.1,1
114.3,108.7,98.9,0,117.4,99.7,97.2,1
108.3,120.6,99.6,1,109.3,102.6,104.6,1
118.0,101.1,99.2,0,106.4,106.9,96.6,1
112.5,113.3,97.6,0,109.9,113.6,104.6,0
108.3,104.3,99.8,1,119.5,96.7,98.7,1
112.2,109.3,96.8,0,122.1,102.0,96.3,1
120.0,102.2,95.6,1,108.4,106.0,97.0,1
111.4,108.5,99.9,0,107.4,108.3,94.1,0
116.1,118.7,105.4,1,102.1,114.0,97.0,1
101.5,108.6,109.3,1,104.8,115.1,99.0,0
106.6,102.0,101.8,0,105.8,113.0,94.5,1
115.7,102.1,100.3,1,97.1,102.7,104.0,1
105.8,104.3,93.8,0,107.7,98.5,102.9,0
112.7,109.3,96.3,1,108.6,105.5,96.3,1
116.1,99.6,97.8,1,110.5,114.7,99.5,1
112.0,112.2,99.9,1,109.7,109.8,99.1,1
108.9,113.5,103.8,0,103.8,97.5,103.7,1
106.7,109.0,98.7,1,102.4,105.9,100.1,0
113.8,97.5,101.4,1,108.8,107.7,90.9,1
110.0,106.9,103.1,1,113.1,93.5,99.1,1
105.1,103.0,98.8,1,116.5,97.7,99.3,0
111.8,99.5,99.9,0,95.4,110.9,93.1,0
102.5,111.2,103.9,0,114.3,115.6,104.0,0
102.8,113.8,95.6,1,96.5,111.0,103.4,1
112.2,114.4,105.5,1,101.9,115.8,99.3,0
101.6,104.9,99.3,0,109.0,109.9,99.8,0
109.4,124.3,104.2,0,113.3,114.0,105.1,0
108.8,109.6,94.2,0,107.7,116.8,96.9,0
111.3,103.8,95.6,0,109.2,109.3,102.0,0
118.0,103.9,98.1,1,108.8,108.1,103.9,1
109.1,118.9,104.4,1,108.7,110.7,101.0,1
96.0,101.9,102.8,0,114.4,111.1,105.2,1
102.0,106.5,94.0,0,116.4,101.0,99.2,1
102.9,123.7,98.1,1,115.4,111.0,102.0,1
114.0,118.1,100.6,1,106.7,104.7,100.5,0
112.4,97.3,104.0,1,105.7,111.3,95.6,1
109.7,109.3,98.6,0,99.7,108.2,99.3,0
106.9,104.9,102.0,1,101.4,104.4,97.5,1
123.2,104.4,99.2,1,110.0,105.2,95.2,0
102.4,99.9,103.1,0,111.5,109.0,93.8,0
120.7,99.8,98.4,1,111.0,113.2,103.0,1
110.8,95.0,99.4,1,104.2,111.0,101.8,1
106.1,103.7,102.2,1,111.5,119.9,99.1,0
108.0,113.8,93.1,0,116.3,108.3,93.3,1
106.4,107.0,99.7,0,96.7,109.7,101.0,1
107.3,107.4,101.3,1,102.9,111.3,98.3,0
107.4,102.1,102.0,1,109.7,113.5,97.6,1
106.0,106.1,98.5,0,105.4,100.2,100.4,1
108.1,120.5,98.0,0,111.1,105.7,89.2,0
109.2,109.8,99.5,0,120.3,99.9,96.6,1
97.0,112.2,97.2,1,101.1,105.1,99.1,1
104.6,106.3,103.9,0,97.2,118.5,105.8,0
105.8,124.9,97.0,1,107.3,111.8,98.9,0
118.5,103.1,101.2,0,104.8,105.2,94.4,1
110.3,118.9,98.5,0,111.6,111.3,102.8,0
103.0,113.5,93.5,1,96.8,113.6,100.2,0
108.4,106.4,101.8,1,110.5,111.0,99.5,1
100.3,116.2,103.4,1,106.0,111.1,97.7,0
106.7,106.9,97.1,0,114.3,98.3,101.1,0
111.8,109.0,107.0,1,103.7,116.5,104.9,0
102.0,120.0,98.3,1,111.1,103.3,97.3,0
107.8,109.0,101.2,0,95.3,99.1,102.0,0
104.7,96.5,98.7,1,113.8,104.9,94.9,1
115.5,116.4,101.9,1,99.9,104.5,104.0,0
102.6,106.8,101.8,1,110.2,95.8,100.5,1
100.6,111.0,105.4,0,112.5,109.2,93.0,0
115.1,102.4,98.6,0,115.9,98.8,96.9,1
106.2,103.0,100.2,0,112.1,102.0,100.4,0
107.8,111.8,95.7,0,114.7,113.2,107.8,0
113.8,118.3,103.9,0,105.6,111.0,108.3,1
109.7,110.3,103.4,1,104.3,118.5,101.8,0
107.9,124.0,95.1,0,112.5,115.9,102.1,0
123.4,103.3,93.8,0,97.8,119.5,104.2,1
111.9,125.7,97.8,1,94.3,100.3,104.7,1
100.6,114.8,96.3,1,110.3,118.9,98.9,0
109.6,103.8,103.5,1,116.9,100.4,97.2,1
106.6,111.2,94.4,1,93.4,115.5,105.5,1
109.2,96.7,103.7,0,118.6,112.4,101.5,0
104.9,126.4,99.4,1,106.6,100.9,103.4,0
110.9,113.7,98.2,1,106.8,106.1,102.8,1
104.4,111.8,101.5,0,111.2,97.0,96.7,1
107.2,113.2,98.7,1,109.6,108.1,98.6,1
107.8,112.3,97.8,0,117.0,102.9,96.8,0
113.5,111.5,96.3,0,107.7,105.6,94.6,1
111.5,110.5,94.5,0,94.3,104.6,102.3,0
97.0,105.3,98.8,0,120.6,104.4,91.7,1
104.7,109.9,99.5,1,116.1,109.9,105.1,0
112.9,109.4,100.2,1,105.8,107.1,98.1,1
104.9,118.5,100.1,1,102.5,108.2,100.2,0
109.3,106.3,94.8,0,108.8,112.3,96.1,0
115.8,97.5,98.9,0,104.8,106.1,103.2,1
112.5,114.7,102.6,0,113.3,106.9,95.0,0
112.4,125.0,103.5,0,120.2,98.0,99.6,1
121.9,101.9,97.4,1,111.2,116.1,104.1,1
102.4,116.2,101.4,1,121.7,100.1,100.5,1
119.9,103.1,103.4,1,114.3,109.5,87.1,1
107.9,100.5,100.7,0,102.1,110.4,106.2,0
115.0,99.0,103.0,0,111.3,108.8,101.8,1
110.7,110.4,100.2,0,113.7,121.4,104.1,0
115.9,109.0,107.2,1,112.2,117.4,104.0,0
108.3,104.4,101.2,0,109.5,108.3,98.4,1
103.7,108.5,104.1,1,116.5,114.0,103.2,1
105.5,110.6,99.5,1,105.3,111.4,106.9,0
111.2,105.5,92.7,1,119.5,101.4,96.9,1
team_off_rtg,team_def_rtg,team_pace,team_home,opp_off_rtg,opp_def_rtg,opp_pace,actual_win,predicted_win_prob
96.1,117.4,105.1,1,107.1,110.0,98.6,0,0.2350531228046936
108.9,107.7,98.5,0,110.8,99.4,96.0,0,0.5690061941097042
108.2,101.1,95.0,1,102.0,100.0,104.6,1,0.7573932042140846
111.3,108.5,99.9,0,102.2,106.7,100.6,0,0.37250324334696205
100.3,102.4,103.0,1,115.5,115.3,102.1,0,0.5771563565150789
108.6,107.4,100.0,0,107.8,111.3,101.4,1,0.3596742016494291
107.4,106.8,99.5,1,116.2,101.1,102.2,1,0.8017443059155971
98.5,111.4,104.4,1,110.0,105.0,101.6,0,0.46716664078507264
96.7,121.7,105.1,0,108.1,114.9,100.8,0,0.07101666691301818
110.9,109.7,98.0,0,106.6,104.8,100.3,1,0.4371455915242654
